    K_f          mu_f          f            Kp
    68.576501    30.803894     0.000000     0.020000
    68.570312    30.802091     0.003311     0.020000
    68.564085    30.800277     0.006622     0.020000
    68.557820    30.798451     0.009933     0.020000
    68.551516    30.796613     0.013244     0.020000
    68.545174    30.794762     0.016555     0.020000
    68.538792    30.792900     0.019866     0.020000
    68.532371    30.791025     0.023177     0.020000
    68.525909    30.789138     0.026488     0.020000
    68.519408    30.787238     0.029799     0.020000
    68.512866    30.785325     0.033110     0.020000
    68.506283    30.783400     0.036421     0.020000
    68.499658    30.781462     0.039732     0.020000
    68.492991    30.779510     0.043043     0.020000
    68.486282    30.777546     0.046355     0.020000
    68.479531    30.775568     0.049666     0.020000
    68.472736    30.773577     0.052977     0.020000
    68.465898    30.771572     0.056288     0.020000
    68.459016    30.769553     0.059599     0.020000
    68.452090    30.767520     0.062910     0.020000
    68.445119    30.765474     0.066221     0.020000
    68.438103    30.763413     0.069532     0.020000
    68.431041    30.761338     0.072843     0.020000
    68.423933    30.759248     0.076154     0.020000
    68.416779    30.757143     0.079465     0.020000
    68.409578    30.755024     0.082776     0.020000
    68.402329    30.752890     0.086087     0.020000
    68.395032    30.750741     0.089398     0.020000
    68.387687    30.748576     0.092709     0.020000
    68.380293    30.746397     0.096020     0.020000
    68.372850    30.744201     0.099331     0.020000
    68.365356    30.741990     0.102642     0.020000
    68.357813    30.739762     0.105953     0.020000
    68.350218    30.737519     0.109264     0.020000
    68.342572    30.735259     0.112575     0.020000
    68.334875    30.732983     0.115886     0.020000
    68.327124    30.730691     0.119197     0.020000
    68.319321    30.728381     0.122508     0.020000
    68.311464    30.726054     0.125819     0.020000
    68.303554    30.723711     0.129130     0.020000
    68.295588    30.721349     0.132441     0.020000
    68.287567    30.718971     0.135753     0.020000
    68.279491    30.716574     0.139064     0.020000
    68.271358    30.714159     0.142375     0.020000
    68.263168    30.711727     0.145686     0.020000
    68.254921    30.709275     0.148997     0.020000
    68.246616    30.706806     0.152308     0.020000
    68.238251    30.704317     0.155619     0.020000
    68.229828    30.701809     0.158930     0.020000
    68.221344    30.699282     0.162241     0.020000
    68.212799    30.696736     0.165552     0.020000
    68.204193    30.694170     0.168863     0.020000
    68.195526    30.691584     0.172174     0.020000
    68.186795    30.688978     0.175485     0.020000
    68.178001    30.686351     0.178796     0.020000
    68.169143    30.683704     0.182107     0.020000
    68.160221    30.681036     0.185418     0.020000
    68.151232    30.678346     0.188729     0.020000
    68.142178    30.675636     0.192040     0.020000
    68.133057    30.672903     0.195351     0.020000
    68.123868    30.670149     0.198662     0.020000
    68.114610    30.667373     0.201973     0.020000
    68.105284    30.664574     0.205284     0.020000
    68.095887    30.661752     0.208595     0.020000
    68.086420    30.658908     0.211906     0.020000
    68.076881    30.656040     0.215217     0.020000
    68.067270    30.653148     0.218528     0.020000
    68.057585    30.650233     0.221839     0.020000
    68.047826    30.647294     0.225151     0.020000
    68.037993    30.644330     0.228462     0.020000
    68.028084    30.641341     0.231773     0.020000
    68.018098    30.638328     0.235084     0.020000
    68.008034    30.635288     0.238395     0.020000
    67.997892    30.632224     0.241706     0.020000
    67.987671    30.629133     0.245017     0.020000
    67.977370    30.626016     0.248328     0.020000
    67.966987    30.622872     0.251639     0.020000
    67.956522    30.619701     0.254950     0.020000
    67.945973    30.616502     0.258261     0.020000
    67.935341    30.613276     0.261572     0.020000
    67.924623    30.610022     0.264883     0.020000
    67.913819    30.606739     0.268194     0.020000
    67.902928    30.603428     0.271505     0.020000
    67.891949    30.600087     0.274816     0.020000
    67.880880    30.596716     0.278127     0.020000
    67.869720    30.593316     0.281438     0.020000
    67.858469    30.589885     0.284749     0.020000
    67.847125    30.586423     0.288060     0.020000
    67.835687    30.582930     0.291371     0.020000
    67.824154    30.579405     0.294682     0.020000
    67.812525    30.575848     0.297993     0.020000
    67.800798    30.572258     0.301304     0.020000
    67.788973    30.568636     0.304615     0.020000
    67.777048    30.564980     0.307926     0.020000
    67.765021    30.561290     0.311237     0.020000
    67.752892    30.557565     0.314548     0.020000
    67.740659    30.553806     0.317860     0.020000
    67.728320    30.550011     0.321171     0.020000
    67.715876    30.546181     0.324482     0.020000
    67.703323    30.542314     0.327793     0.020000
    67.690661    30.538410     0.331104     0.020000
    67.677888    30.534468     0.334415     0.020000
    67.665002    30.530489     0.337726     0.020000
    67.652003    30.526471     0.341037     0.020000
    67.638889    30.522414     0.344348     0.020000
    67.625658    30.518317     0.347659     0.020000
    67.612309    30.514180     0.350970     0.020000
    67.598839    30.510002     0.354281     0.020000
    67.585248    30.505782     0.357592     0.020000
    67.571534    30.501521     0.360903     0.020000
    67.557695    30.497216     0.364214     0.020000
    67.543729    30.492868     0.367525     0.020000
    67.529635    30.488477     0.370836     0.020000
    67.515411    30.484040     0.374147     0.020000
    67.501054    30.479558     0.377458     0.020000
    67.486564    30.475030     0.380769     0.020000
    67.471938    30.470455     0.384080     0.020000
    67.457175    30.465833     0.387391     0.020000
    67.442272    30.461162     0.390702     0.020000
    67.427227    30.456442     0.394013     0.020000
    67.412039    30.451673     0.397324     0.020000
    67.396705    30.446852     0.400635     0.020000
    67.381224    30.441981     0.403946     0.020000
    67.365592    30.437056     0.407258     0.020000
    67.349809    30.432079     0.410569     0.020000
    67.333871    30.427048     0.413880     0.020000
    67.317776    30.421962     0.417191     0.020000
    67.301523    30.416820     0.420502     0.020000
    67.285108    30.411622     0.423813     0.020000
    67.268530    30.406366     0.427124     0.020000
    67.251785    30.401051     0.430435     0.020000
    67.234872    30.395677     0.433746     0.020000
    67.217788    30.390242     0.437057     0.020000
    67.200529    30.384745     0.440368     0.020000
    67.183095    30.379186     0.443679     0.020000
    67.165481    30.373563     0.446990     0.020000
    67.147685    30.367875     0.450301     0.020000
    67.129704    30.362121     0.453612     0.020000
    67.111535    30.356300     0.456923     0.020000
    67.093176    30.350410     0.460234     0.020000
    67.074623    30.344451     0.463545     0.020000
    67.055873    30.338422     0.466856     0.020000
    67.036924    30.332320     0.470167     0.020000
    67.017771    30.326145     0.473478     0.020000
    66.998411    30.319895     0.476789     0.020000
    66.978842    30.313569     0.480100     0.020000
    66.959060    30.307165     0.483411     0.020000
    66.939061    30.300683     0.486722     0.020000
    66.918842    30.294120     0.490033     0.020000
    66.898398    30.287476     0.493344     0.020000
    66.877727    30.280748     0.496656     0.020000
    66.856825    30.273935     0.499967     0.020000
    66.835687    30.267036     0.503278     0.020000
    66.814309    30.260048     0.506589     0.020000
    66.792688    30.252970     0.509900     0.020000
    66.770820    30.245801     0.513211     0.020000
    66.748699    30.238538     0.516522     0.020000
    66.726322    30.231180     0.519833     0.020000
    66.703684    30.223724     0.523144     0.020000
    66.680781    30.216169     0.526455     0.020000
    66.657607    30.208513     0.529766     0.020000
    66.634158    30.200754     0.533077     0.020000
    66.610430    30.192890     0.536388     0.020000
    66.586417    30.184918     0.539699     0.020000
    66.562113    30.176836     0.543010     0.020000
    66.537514    30.168642     0.546321     0.020000
    66.512615    30.160334     0.549632     0.020000
    66.487409    30.151909     0.552943     0.020000
    66.461891    30.143365     0.556254     0.020000
    66.436055    30.134699     0.559565     0.020000
    66.409895    30.125909     0.562876     0.020000
    66.383405    30.116992     0.566187     0.020000
    66.356579    30.107945     0.569498     0.020000
    66.329411    30.098765     0.572809     0.020000
    66.301893    30.089449     0.576120     0.020000
    66.274018    30.079994     0.579431     0.020000
    66.245781    30.070398     0.582742     0.020000
    66.217174    30.060657     0.586054     0.020000
    66.188189    30.050767     0.589365     0.020000
    66.158819    30.040725     0.592676     0.020000
    66.129057    30.030528     0.595987     0.020000
    66.098893    30.020173     0.599298     0.020000
    66.068321    30.009654     0.602609     0.020000
    66.037332    29.998969     0.605920     0.020000
    66.005916    29.988113     0.609231     0.020000
    65.974067    29.977083     0.612542     0.020000
    65.941773    29.965873     0.615853     0.020000
    65.909026    29.954480     0.619164     0.020000
    65.875817    29.942900     0.622475     0.020000
    65.842135    29.931126     0.625786     0.020000
    65.807971    29.919156     0.629097     0.020000
    65.773313    29.906982     0.632408     0.020000
    65.738151    29.894602     0.635719     0.020000
    65.702475    29.882008     0.639030     0.020000
    65.666272    29.869196     0.642341     0.020000
    65.629531    29.856159     0.645652     0.020000
    65.592240    29.842892     0.648963     0.020000
    65.554386    29.829389     0.652274     0.020000
    65.515956    29.815643     0.655585     0.020000
    65.476938    29.801648     0.658896     0.020000
    65.437318    29.787396     0.662207     0.020000
    65.397081    29.772881     0.665518     0.020000
    65.356213    29.758096     0.668829     0.020000
    65.314700    29.743031     0.672140     0.020000
    65.272525    29.727681     0.675452     0.020000
    65.229673    29.712036     0.678763     0.020000
    65.186127    29.696088     0.682074     0.020000
    65.141871    29.679828     0.685385     0.020000
    65.096886    29.663246     0.688696     0.020000
    65.051156    29.646334     0.692007     0.020000
    65.004660    29.629081     0.695318     0.020000
    64.957380    29.611476     0.698629     0.020000
    64.909295    29.593509     0.701940     0.020000
    64.860386    29.575168     0.705251     0.020000
    64.810630    29.556442     0.708562     0.020000
    64.760005    29.537319     0.711873     0.020000
    64.708488    29.517785     0.715184     0.020000
    64.656057    29.497827     0.718495     0.020000
    64.602685    29.477431     0.721806     0.020000
    64.548347    29.456583     0.725117     0.020000
    64.493018    29.435267     0.728428     0.020000
    64.436670    29.413468     0.731739     0.020000
    64.379273    29.391169     0.735050     0.020000
    64.320799    29.368351     0.738361     0.020000
    64.261218    29.344998     0.741672     0.020000
    64.200496    29.321090     0.744983     0.020000
    64.138602    29.296606     0.748294     0.020000
    64.075501    29.271526     0.751605     0.020000
    64.011157    29.245828     0.754916     0.020000
    63.945534    29.219489     0.758227     0.020000
    63.878592    29.192483     0.761538     0.020000
    63.810291    29.164786     0.764849     0.020000
    63.740591    29.136371     0.768161     0.020000
    63.669446    29.107208     0.771472     0.020000
    63.596813    29.077269     0.774783     0.020000
    63.522643    29.046522     0.778094     0.020000
    63.446888    29.014933     0.781405     0.020000
    63.369496    28.982467     0.784716     0.020000
    63.290413    28.949088     0.788027     0.020000
    63.209583    28.914755     0.791338     0.020000
    63.126949    28.879429     0.794649     0.020000
    63.042448    28.843063     0.797960     0.020000
    62.956017    28.805613     0.801271     0.020000
    62.867589    28.767028     0.804582     0.020000
    62.777094    28.727256     0.807893     0.020000
    62.684458    28.686241     0.811204     0.020000
    62.589605    28.643924     0.814515     0.020000
    62.492454    28.600242     0.817826     0.020000
    62.392920    28.555126     0.821137     0.020000
    62.290916    28.508507     0.824448     0.020000
    62.186347    28.460305     0.827759     0.020000
    62.079115    28.410440     0.831070     0.020000
    61.969119    28.358823     0.834381     0.020000
    61.856249    28.305360     0.837692     0.020000
    61.740391    28.249950     0.841003     0.020000
    61.621425    28.192483     0.844314     0.020000
    61.499225    28.132844     0.847625     0.020000
    61.373656    28.070904     0.850936     0.020000
    61.244577    28.006529     0.854247     0.020000
    61.111839    27.939571     0.857559     0.020000
    60.975285    27.869870     0.860870     0.020000
    60.834747    27.797254     0.864181     0.020000
    60.690049    27.721534     0.867492     0.020000
    60.541002    27.642506     0.870803     0.020000
    60.387408    27.559947     0.874114     0.020000
    60.229055    27.473613     0.877425     0.020000
    60.065720    27.383238     0.880736     0.020000
    59.897162    27.288528     0.884047     0.020000
    59.723128    27.189163     0.887358     0.020000
    59.543346    27.084786     0.890669     0.020000
    59.357527    26.975007     0.893980     0.020000
    59.165361    26.859389     0.897291     0.020000
    58.966517    26.737452     0.900602     0.020000
    58.760641    26.608655     0.903913     0.020000
    58.547355    26.472399     0.907224     0.020000
    58.326249    26.328007     0.910535     0.020000
    58.096886    26.174720     0.913846     0.020000
    57.858794    26.011679     0.917157     0.020000
    57.611467    25.837909     0.920468     0.020000
    57.354355    25.652300     0.923779     0.020000
    57.086867    25.453580     0.927090     0.020000
    56.808360    25.240285     0.930401     0.020000
    56.518142    25.010721     0.933712     0.020000
    56.215455    24.762914     0.937023     0.020000
    55.899480    24.494555     0.940334     0.020000
    55.569322    24.202916     0.943645     0.020000
    55.224003    23.884753     0.946957     0.020000
    54.862456    23.536173     0.950268     0.020000
    54.483508    23.152463     0.953579     0.020000
    54.085872    22.727852     0.956890     0.020000
    53.668132    22.255189     0.960201     0.020000
    53.228722    21.725490     0.963512     0.020000
    52.765912    21.127293     0.966823     0.020000
    52.277781    20.445709     0.970134     0.020000
    51.762193    19.660980     0.973445     0.020000
    51.216764    18.746235     0.976756     0.020000
    50.638827    17.663815     0.980067     0.020000
    50.025386    16.358996     0.983378     0.020000
    49.373065    14.748569     0.986689     0.020000
    48.678047    12.698504     0.990000     0.020000
    63.808119    29.087214     0.000000     0.050000
    63.794380    29.083069     0.003311     0.050000
    63.780560    29.078898     0.006622     0.050000
    63.766660    29.074700     0.009933     0.050000
    63.752677    29.070475     0.013244     0.050000
    63.738613    29.066224     0.016555     0.050000
    63.724465    29.061945     0.019866     0.050000
    63.710233    29.057639     0.023177     0.050000
    63.695917    29.053305     0.026488     0.050000
    63.681516    29.048942     0.029799     0.050000
    63.667028    29.044552     0.033110     0.050000
    63.652453    29.040133     0.036421     0.050000
    63.637791    29.035684     0.039732     0.050000
    63.623040    29.031207     0.043043     0.050000
    63.608199    29.026700     0.046355     0.050000
    63.593269    29.022164     0.049666     0.050000
    63.578248    29.017597     0.052977     0.050000
    63.563135    29.013000     0.056288     0.050000
    63.547929    29.008372     0.059599     0.050000
    63.532630    29.003713     0.062910     0.050000
    63.517236    28.999023     0.066221     0.050000
    63.501747    28.994302     0.069532     0.050000
    63.486162    28.989548     0.072843     0.050000
    63.470480    28.984762     0.076154     0.050000
    63.454700    28.979944     0.079465     0.050000
    63.438822    28.975092     0.082776     0.050000
    63.422843    28.970208     0.086087     0.050000
    63.406764    28.965290     0.089398     0.050000
    63.390583    28.960337     0.092709     0.050000
    63.374300    28.955351     0.096020     0.050000
    63.357913    28.950330     0.099331     0.050000
    63.341421    28.945273     0.102642     0.050000
    63.324824    28.940182     0.105953     0.050000
    63.308120    28.935054     0.109264     0.050000
    63.291308    28.929891     0.112575     0.050000
    63.274388    28.924691     0.115886     0.050000
    63.257358    28.919454     0.119197     0.050000
    63.240217    28.914179     0.122508     0.050000
    63.222964    28.908867     0.125819     0.050000
    63.205598    28.903517     0.129130     0.050000
    63.188119    28.898128     0.132441     0.050000
    63.170523    28.892701     0.135753     0.050000
    63.152812    28.887234     0.139064     0.050000
    63.134983    28.881727     0.142375     0.050000
    63.117035    28.876180     0.145686     0.050000
    63.098967    28.870592     0.148997     0.050000
    63.080778    28.864963     0.152308     0.050000
    63.062467    28.859293     0.155619     0.050000
    63.044032    28.853580     0.158930     0.050000
    63.025472    28.847825     0.162241     0.050000
    63.006786    28.842027     0.165552     0.050000
    62.987973    28.836185     0.168863     0.050000
    62.969031    28.830300     0.172174     0.050000
    62.949959    28.824370     0.175485     0.050000
    62.930755    28.818395     0.178796     0.050000
    62.911419    28.812374     0.182107     0.050000
    62.891949    28.806307     0.185418     0.050000
    62.872343    28.800194     0.188729     0.050000
    62.852600    28.794034     0.192040     0.050000
    62.832719    28.787826     0.195351     0.050000
    62.812698    28.781570     0.198662     0.050000
    62.792536    28.775266     0.201973     0.050000
    62.772230    28.768912     0.205284     0.050000
    62.751781    28.762508     0.208595     0.050000
    62.731185    28.756053     0.211906     0.050000
    62.710442    28.749547     0.215217     0.050000
    62.689550    28.742990     0.218528     0.050000
    62.668508    28.736381     0.221839     0.050000
    62.647313    28.729718     0.225151     0.050000
    62.625964    28.723002     0.228462     0.050000
    62.604459    28.716231     0.231773     0.050000
    62.582797    28.709406     0.235084     0.050000
    62.560976    28.702525     0.238395     0.050000
    62.538994    28.695588     0.241706     0.050000
    62.516849    28.688594     0.245017     0.050000
    62.494540    28.681542     0.248328     0.050000
    62.472065    28.674432     0.251639     0.050000
    62.449422    28.667263     0.254950     0.050000
    62.426608    28.660034     0.258261     0.050000
    62.403623    28.652745     0.261572     0.050000
    62.380463    28.645394     0.264883     0.050000
    62.357128    28.637981     0.268194     0.050000
    62.333615    28.630505     0.271505     0.050000
    62.309921    28.622965     0.274816     0.050000
    62.286046    28.615361     0.278127     0.050000
    62.261987    28.607691     0.281438     0.050000
    62.237741    28.599955     0.284749     0.050000
    62.213307    28.592152     0.288060     0.050000
    62.188682    28.584281     0.291371     0.050000
    62.163865    28.576342     0.294682     0.050000
    62.138852    28.568332     0.297993     0.050000
    62.113641    28.560252     0.301304     0.050000
    62.088231    28.552100     0.304615     0.050000
    62.062619    28.543876     0.307926     0.050000
    62.036802    28.535578     0.311237     0.050000
    62.010778    28.527205     0.314548     0.050000
    61.984544    28.518757     0.317860     0.050000
    61.958098    28.510232     0.321171     0.050000
    61.931438    28.501630     0.324482     0.050000
    61.904560    28.492949     0.327793     0.050000
    61.877462    28.484188     0.331104     0.050000
    61.850141    28.475347     0.334415     0.050000
    61.822595    28.466423     0.337726     0.050000
    61.794820    28.457416     0.341037     0.050000
    61.766815    28.448325     0.344348     0.050000
    61.738575    28.439149     0.347659     0.050000
    61.710098    28.429885     0.350970     0.050000
    61.681381    28.420534     0.354281     0.050000
    61.652422    28.411093     0.357592     0.050000
    61.623216    28.401562     0.360903     0.050000
    61.593761    28.391939     0.364214     0.050000
    61.564053    28.382223     0.367525     0.050000
    61.534089    28.372413     0.370836     0.050000
    61.503867    28.362506     0.374147     0.050000
    61.473382    28.352502     0.377458     0.050000
    61.442631    28.342400     0.380769     0.050000
    61.411611    28.332197     0.384080     0.050000
    61.380318    28.321893     0.387391     0.050000
    61.348748    28.311485     0.390702     0.050000
    61.316898    28.300973     0.394013     0.050000
    61.284764    28.290354     0.397324     0.050000
    61.252343    28.279627     0.400635     0.050000
    61.219629    28.268790     0.403946     0.050000
    61.186621    28.257842     0.407258     0.050000
    61.153312    28.246781     0.410569     0.050000
    61.119700    28.235605     0.413880     0.050000
    61.085779    28.224312     0.417191     0.050000
    61.051547    28.212901     0.420502     0.050000
    61.016998    28.201370     0.423813     0.050000
    60.982128    28.189716     0.427124     0.050000
    60.946933    28.177938     0.430435     0.050000
    60.911407    28.166034     0.433746     0.050000
    60.875548    28.154001     0.437057     0.050000
    60.839348    28.141838     0.440368     0.050000
    60.802805    28.129543     0.443679     0.050000
    60.765912    28.117113     0.446990     0.050000
    60.728665    28.104545     0.450301     0.050000
    60.691059    28.091839     0.453612     0.050000
    60.653088    28.078991     0.456923     0.050000
    60.614747    28.066000     0.460234     0.050000
    60.576031    28.052862     0.463545     0.050000
    60.536934    28.039575     0.466856     0.050000
    60.497451    28.026137     0.470167     0.050000
    60.457575    28.012545     0.473478     0.050000
    60.417302    27.998796     0.476789     0.050000
    60.376624    27.984888     0.480100     0.050000
    60.335536    27.970818     0.483411     0.050000
    60.294031    27.956583     0.486722     0.050000
    60.252104    27.942180     0.490033     0.050000
    60.209747    27.927606     0.493344     0.050000
    60.166954    27.912858     0.496656     0.050000
    60.123719    27.897933     0.499967     0.050000
    60.080034    27.882828     0.503278     0.050000
    60.035892    27.867539     0.506589     0.050000
    59.991287    27.852063     0.509900     0.050000
    59.946210    27.836397     0.513211     0.050000
    59.900654    27.820537     0.516522     0.050000
    59.854612    27.804479     0.519833     0.050000
    59.808076    27.788220     0.523144     0.050000
    59.761038    27.771756     0.526455     0.050000
    59.713489    27.755083     0.529766     0.050000
    59.665421    27.738196     0.533077     0.050000
    59.616826    27.721093     0.536388     0.050000
    59.567695    27.703769     0.539699     0.050000
    59.518019    27.686218     0.543010     0.050000
    59.467789    27.668438     0.546321     0.050000
    59.416996    27.650423     0.549632     0.050000
    59.365630    27.632168     0.552943     0.050000
    59.313681    27.613670     0.556254     0.050000
    59.261139    27.594922     0.559565     0.050000
    59.207995    27.575920     0.562876     0.050000
    59.154237    27.556659     0.566187     0.050000
    59.099855    27.537133     0.569498     0.050000
    59.044839    27.517337     0.572809     0.050000
    58.989176    27.497265     0.576120     0.050000
    58.932856    27.476911     0.579431     0.050000
    58.875867    27.456270     0.582742     0.050000
    58.818196    27.435334     0.586054     0.050000
    58.759832    27.414099     0.589365     0.050000
    58.700762    27.392557     0.592676     0.050000
    58.640973    27.370702     0.595987     0.050000
    58.580452    27.348526     0.599298     0.050000
    58.519185    27.326024     0.602609     0.050000
    58.457158    27.303186     0.605920     0.050000
    58.394358    27.280007     0.609231     0.050000
    58.330769    27.256477     0.612542     0.050000
    58.266377    27.232590     0.615853     0.050000
    58.201166    27.208336     0.619164     0.050000
    58.135121    27.183708     0.622475     0.050000
    58.068225    27.158696     0.625786     0.050000
    58.000463    27.133292     0.629097     0.050000
    57.931816    27.107487     0.632408     0.050000
    57.862268    27.081270     0.635719     0.050000
    57.791801    27.054632     0.639030     0.050000
    57.720396    27.027562     0.642341     0.050000
    57.648035    27.000050     0.645652     0.050000
    57.574698    26.972085     0.648963     0.050000
    57.500365    26.943656     0.652274     0.050000
    57.425016    26.914751     0.655585     0.050000
    57.348631    26.885357     0.658896     0.050000
    57.271186    26.855463     0.662207     0.050000
    57.192661    26.825056     0.665518     0.050000
    57.113033    26.794122     0.668829     0.050000
    57.032277    26.762647     0.672140     0.050000
    56.950370    26.730618     0.675452     0.050000
    56.867288    26.698018     0.678763     0.050000
    56.783004    26.664833     0.682074     0.050000
    56.697492    26.631048     0.685385     0.050000
    56.610726    26.596644     0.688696     0.050000
    56.522678    26.561606     0.692007     0.050000
    56.433318    26.525916     0.695318     0.050000
    56.342618    26.489555     0.698629     0.050000
    56.250547    26.452503     0.701940     0.050000
    56.157073    26.414742     0.705251     0.050000
    56.062165    26.376251     0.708562     0.050000
    55.965789    26.337007     0.711873     0.050000
    55.867911    26.296990     0.715184     0.050000
    55.768495    26.256174     0.718495     0.050000
    55.667506    26.214538     0.721806     0.050000
    55.564904    26.172055     0.725117     0.050000
    55.460652    26.128699     0.728428     0.050000
    55.354709    26.084443     0.731739     0.050000
    55.247034    26.039259     0.735050     0.050000
    55.137583    25.993117     0.738361     0.050000
    55.026313    25.945986     0.741672     0.050000
    54.913178    25.897834     0.744983     0.050000
    54.798131    25.848628     0.748294     0.050000
    54.681122    25.798332     0.751605     0.050000
    54.562101    25.746910     0.754916     0.050000
    54.441016    25.694323     0.758227     0.050000
    54.317813    25.640532     0.761538     0.050000
    54.192435    25.585493     0.764849     0.050000
    54.064824    25.529164     0.768161     0.050000
    53.934921    25.471498     0.771472     0.050000
    53.802662    25.412447     0.774783     0.050000
    53.667984    25.351960     0.778094     0.050000
    53.530819    25.289984     0.781405     0.050000
    53.391097    25.226463     0.784716     0.050000
    53.248747    25.161339     0.788027     0.050000
    53.103694    25.094550     0.791338     0.050000
    52.955860    25.026031     0.794649     0.050000
    52.805164    24.955714     0.797960     0.050000
    52.651522    24.883526     0.801271     0.050000
    52.494847    24.809392     0.804582     0.050000
    52.335049    24.733232     0.807893     0.050000
    52.172033    24.654961     0.811204     0.050000
    52.005700    24.574490     0.814515     0.050000
    51.835949    24.491725     0.817826     0.050000
    51.662673    24.406564     0.821137     0.050000
    51.485761    24.318903     0.824448     0.050000
    51.305098    24.228630     0.827759     0.050000
    51.120562    24.135624     0.831070     0.050000
    50.932029    24.039759     0.834381     0.050000
    50.739366    23.940902     0.837692     0.050000
    50.542437    23.838908     0.841003     0.050000
    50.341097    23.733626     0.844314     0.050000
    50.135199    23.624892     0.847625     0.050000
    49.924584    23.512533     0.850936     0.050000
    49.709089    23.396364     0.854247     0.050000
    49.488542    23.276185     0.857559     0.050000
    49.262764    23.151785     0.860870     0.050000
    49.031566    23.022934     0.864181     0.050000
    48.794750    22.889389     0.867492     0.050000
    48.552110    22.750885     0.870803     0.050000
    48.303428    22.607140     0.874114     0.050000
    48.048474    22.457845     0.877425     0.050000
    47.787010    22.302672     0.880736     0.050000
    47.518783    22.141262     0.884047     0.050000
    47.243525    21.973228     0.887358     0.050000
    46.960958    21.798147     0.890669     0.050000
    46.670787    21.615563     0.893980     0.050000
    46.372700    21.424975     0.897291     0.050000
    46.066369    21.225839     0.900602     0.050000
    45.751446    21.017558     0.903913     0.050000
    45.427566    20.799477     0.907224     0.050000
    45.094342    20.570875     0.910535     0.050000
    44.751361    20.330960     0.913846     0.050000
    44.398190    20.078852     0.917157     0.050000
    44.034368    19.813580     0.920468     0.050000
    43.659405    19.534060     0.923779     0.050000
    43.272782    19.239084     0.927090     0.050000
    42.873947    18.927300     0.930401     0.050000
    42.462310    18.597187     0.933712     0.050000
    42.037247    18.247028     0.937023     0.050000
    41.598089    17.874874     0.940334     0.050000
    41.144123    17.478506     0.943645     0.050000
    40.674588    17.055380     0.946957     0.050000
    40.188668    16.602561     0.950268     0.050000
    39.685491    16.116644     0.953579     0.050000
    39.164121    15.593646     0.956890     0.050000
    38.623553    15.028866     0.960201     0.050000
    38.062706    14.416709     0.963512     0.050000
    37.480419    13.750431     0.966823     0.050000
    36.875436    13.021807     0.970134     0.050000
    36.246406    12.220646     0.973445     0.050000
    35.591865    11.334093     0.976756     0.050000
    34.910229    10.345582     0.980067     0.050000
    34.199781     9.233189     0.983378     0.050000
    33.458653     7.966938     0.986689     0.050000
    32.684815     6.504127     0.990000     0.050000
    56.708663    26.415584     0.000000     0.100000
    56.685991    26.408368     0.003311     0.100000
    56.663196    26.401108     0.006622     0.100000
    56.640276    26.393804     0.009933     0.100000
    56.617230    26.386456     0.013244     0.100000
    56.594057    26.379062     0.016555     0.100000
    56.570757    26.371623     0.019866     0.100000
    56.547328    26.364138     0.023177     0.100000
    56.523769    26.356607     0.026488     0.100000
    56.500080    26.349029     0.029799     0.100000
    56.476258    26.341404     0.033110     0.100000
    56.452303    26.333731     0.036421     0.100000
    56.428214    26.326011     0.039732     0.100000
    56.403990    26.318241     0.043043     0.100000
    56.379629    26.310423     0.046355     0.100000
    56.355130    26.302556     0.049666     0.100000
    56.330493    26.294638     0.052977     0.100000
    56.305715    26.286670     0.056288     0.100000
    56.280796    26.278652     0.059599     0.100000
    56.255735    26.270582     0.062910     0.100000
    56.230531    26.262460     0.066221     0.100000
    56.205181    26.254286     0.069532     0.100000
    56.179685    26.246059     0.072843     0.100000
    56.154042    26.237778     0.076154     0.100000
    56.128250    26.229444     0.079465     0.100000
    56.102308    26.221055     0.082776     0.100000
    56.076215    26.212612     0.086087     0.100000
    56.049969    26.204113     0.089398     0.100000
    56.023569    26.195557     0.092709     0.100000
    55.997014    26.186946     0.096020     0.100000
    55.970302    26.178277     0.099331     0.100000
    55.943433    26.169550     0.102642     0.100000
    55.916403    26.160765     0.105953     0.100000
    55.889213    26.151922     0.109264     0.100000
    55.861860    26.143019     0.112575     0.100000
    55.834343    26.134055     0.115886     0.100000
    55.806662    26.125031     0.119197     0.100000
    55.778813    26.115946     0.122508     0.100000
    55.750796    26.106799     0.125819     0.100000
    55.722609    26.097589     0.129130     0.100000
    55.694251    26.088316     0.132441     0.100000
    55.665720    26.078979     0.135753     0.100000
    55.637014    26.069578     0.139064     0.100000
    55.608132    26.060111     0.142375     0.100000
    55.579072    26.050578     0.145686     0.100000
    55.549833    26.040979     0.148997     0.100000
    55.520413    26.031313     0.152308     0.100000
    55.490810    26.021579     0.155619     0.100000
    55.461022    26.011776     0.158930     0.100000
    55.431049    26.001903     0.162241     0.100000
    55.400887    25.991960     0.165552     0.100000
    55.370536    25.981947     0.168863     0.100000
    55.339993    25.971862     0.172174     0.100000
    55.309256    25.961704     0.175485     0.100000
    55.278325    25.951473     0.178796     0.100000
    55.247196    25.941168     0.182107     0.100000
    55.215869    25.930788     0.185418     0.100000
    55.184340    25.920332     0.188729     0.100000
    55.152609    25.909800     0.192040     0.100000
    55.120673    25.899191     0.195351     0.100000
    55.088530    25.888503     0.198662     0.100000
    55.056178    25.877737     0.201973     0.100000
    55.023616    25.866890     0.205284     0.100000
    54.990841    25.855963     0.208595     0.100000
    54.957850    25.844954     0.211906     0.100000
    54.924643    25.833862     0.215217     0.100000
    54.891216    25.822687     0.218528     0.100000
    54.857568    25.811427     0.221839     0.100000
    54.823697    25.800081     0.225151     0.100000
    54.789599    25.788649     0.228462     0.100000
    54.755273    25.777130     0.231773     0.100000
    54.720717    25.765522     0.235084     0.100000
    54.685928    25.753824     0.238395     0.100000
    54.650904    25.742036     0.241706     0.100000
    54.615643    25.730157     0.245017     0.100000
    54.580141    25.718185     0.248328     0.100000
    54.544397    25.706119     0.251639     0.100000
    54.508408    25.693958     0.254950     0.100000
    54.472172    25.681701     0.258261     0.100000
    54.435686    25.669347     0.261572     0.100000
    54.398947    25.656894     0.264883     0.100000
    54.361953    25.644342     0.268194     0.100000
    54.324701    25.631690     0.271505     0.100000
    54.287189    25.618936     0.274816     0.100000
    54.249413    25.606078     0.278127     0.100000
    54.211371    25.593116     0.281438     0.100000
    54.173060    25.580048     0.284749     0.100000
    54.134478    25.566874     0.288060     0.100000
    54.095620    25.553591     0.291371     0.100000
    54.056485    25.540199     0.294682     0.100000
    54.017070    25.526695     0.297993     0.100000
    53.977371    25.513079     0.301304     0.100000
    53.937385    25.499350     0.304615     0.100000
    53.897109    25.485505     0.307926     0.100000
    53.856540    25.471543     0.311237     0.100000
    53.815675    25.457464     0.314548     0.100000
    53.774511    25.443265     0.317860     0.100000
    53.733043    25.428944     0.321171     0.100000
    53.691270    25.414501     0.324482     0.100000
    53.649187    25.399933     0.327793     0.100000
    53.606791    25.385240     0.331104     0.100000
    53.564079    25.370419     0.334415     0.100000
    53.521046    25.355468     0.337726     0.100000
    53.477690    25.340387     0.341037     0.100000
    53.434007    25.325173     0.344348     0.100000
    53.389992    25.309825     0.347659     0.100000
    53.345643    25.294340     0.350970     0.100000
    53.300955    25.278717     0.354281     0.100000
    53.255924    25.262955     0.357592     0.100000
    53.210547    25.247050     0.360903     0.100000
    53.164820    25.231002     0.364214     0.100000
    53.118738    25.214808     0.367525     0.100000
    53.072297    25.198467     0.370836     0.100000
    53.025493    25.181976     0.374147     0.100000
    52.978322    25.165333     0.377458     0.100000
    52.930779    25.148536     0.380769     0.100000
    52.882861    25.131583     0.384080     0.100000
    52.834562    25.114472     0.387391     0.100000
    52.785878    25.097200     0.390702     0.100000
    52.736804    25.079766     0.394013     0.100000
    52.687336    25.062167     0.397324     0.100000
    52.637469    25.044400     0.400635     0.100000
    52.587198    25.026464     0.403946     0.100000
    52.536519    25.008355     0.407258     0.100000
    52.485425    24.990072     0.410569     0.100000
    52.433913    24.971612     0.413880     0.100000
    52.381976    24.952971     0.417191     0.100000
    52.329610    24.934148     0.420502     0.100000
    52.276809    24.915140     0.423813     0.100000
    52.223568    24.895944     0.427124     0.100000
    52.169882    24.876558     0.430435     0.100000
    52.115744    24.856978     0.433746     0.100000
    52.061149    24.837201     0.437057     0.100000
    52.006091    24.817225     0.440368     0.100000
    51.950564    24.797046     0.443679     0.100000
    51.894563    24.776661     0.446990     0.100000
    51.838081    24.756068     0.450301     0.100000
    51.781111    24.735263     0.453612     0.100000
    51.723649    24.714243     0.456923     0.100000
    51.665686    24.693004     0.460234     0.100000
    51.607217    24.671543     0.463545     0.100000
    51.548235    24.649856     0.466856     0.100000
    51.488733    24.627940     0.470167     0.100000
    51.428704    24.605792     0.473478     0.100000
    51.368142    24.583407     0.476789     0.100000
    51.307038    24.560781     0.480100     0.100000
    51.245387    24.537911     0.483411     0.100000
    51.183179    24.514793     0.486722     0.100000
    51.120409    24.491423     0.490033     0.100000
    51.057067    24.467797     0.493344     0.100000
    50.993147    24.443909     0.496656     0.100000
    50.928641    24.419757     0.499967     0.100000
    50.863539    24.395335     0.503278     0.100000
    50.797835    24.370639     0.506589     0.100000
    50.731519    24.345664     0.509900     0.100000
    50.664583    24.320407     0.513211     0.100000
    50.597018    24.294860     0.516522     0.100000
    50.528815    24.269021     0.519833     0.100000
    50.459966    24.242883     0.523144     0.100000
    50.390461    24.216442     0.526455     0.100000
    50.320291    24.189692     0.529766     0.100000
    50.249445    24.162628     0.533077     0.100000
    50.177915    24.135244     0.536388     0.100000
    50.105690    24.107534     0.539699     0.100000
    50.032759    24.079493     0.543010     0.100000
    49.959114    24.051115     0.546321     0.100000
    49.884743    24.022393     0.549632     0.100000
    49.809635    23.993321     0.552943     0.100000
    49.733779    23.963894     0.556254     0.100000
    49.657165    23.934103     0.559565     0.100000
    49.579780    23.903943     0.562876     0.100000
    49.501613    23.873406     0.566187     0.100000
    49.422653    23.842486     0.569498     0.100000
    49.342886    23.811174     0.572809     0.100000
    49.262301    23.779465     0.576120     0.100000
    49.180884    23.747349     0.579431     0.100000
    49.098624    23.714820     0.582742     0.100000
    49.015506    23.681869     0.586054     0.100000
    48.931518    23.648487     0.589365     0.100000
    48.846645    23.614667     0.592676     0.100000
    48.760873    23.580400     0.595987     0.100000
    48.674189    23.545676     0.599298     0.100000
    48.586577    23.510487     0.602609     0.100000
    48.498022    23.474823     0.605920     0.100000
    48.408510    23.438674     0.609231     0.100000
    48.318024    23.402030     0.612542     0.100000
    48.226549    23.364882     0.615853     0.100000
    48.134068    23.327218     0.619164     0.100000
    48.040565    23.289029     0.622475     0.100000
    47.946023    23.250302     0.625786     0.100000
    47.850423    23.211026     0.629097     0.100000
    47.753749    23.171190     0.632408     0.100000
    47.655982    23.130781     0.635719     0.100000
    47.557104    23.089788     0.639030     0.100000
    47.457094    23.048196     0.642341     0.100000
    47.355935    23.005994     0.645652     0.100000
    47.253606    22.963167     0.648963     0.100000
    47.150086    22.919701     0.652274     0.100000
    47.045355    22.875582     0.655585     0.100000
    46.939391    22.830796     0.658896     0.100000
    46.832172    22.785326     0.662207     0.100000
    46.723677    22.739158     0.665518     0.100000
    46.613881    22.692274     0.668829     0.100000
    46.502762    22.644659     0.672140     0.100000
    46.390295    22.596294     0.675452     0.100000
    46.276456    22.547162     0.678763     0.100000
    46.161219    22.497245     0.682074     0.100000
    46.044559    22.446523     0.685385     0.100000
    45.926449    22.394977     0.688696     0.100000
    45.806862    22.342586     0.692007     0.100000
    45.685770    22.289330     0.695318     0.100000
    45.563144    22.235187     0.698629     0.100000
    45.438955    22.180135     0.701940     0.100000
    45.313173    22.124149     0.705251     0.100000
    45.185767    22.067208     0.708562     0.100000
    45.056705    22.009284     0.711873     0.100000
    44.925956    21.950354     0.715184     0.100000
    44.793485    21.890390     0.718495     0.100000
    44.659259    21.829365     0.721806     0.100000
    44.523241    21.767251     0.725117     0.100000
    44.385397    21.704018     0.728428     0.100000
    44.245690    21.639634     0.731739     0.100000
    44.104080    21.574070     0.735050     0.100000
    43.960529    21.507291     0.738361     0.100000
    43.814997    21.439264     0.741672     0.100000
    43.667443    21.369953     0.744983     0.100000
    43.517823    21.299321     0.748294     0.100000
    43.366095    21.227331     0.751605     0.100000
    43.212214    21.153941     0.754916     0.100000
    43.056132    21.079112     0.758227     0.100000
    42.897804    21.002801     0.761538     0.100000
    42.737180    20.924961     0.764849     0.100000
    42.574209    20.845548     0.768161     0.100000
    42.408840    20.764513     0.771472     0.100000
    42.241019    20.681805     0.774783     0.100000
    42.070692    20.597371     0.778094     0.100000
    41.897803    20.511158     0.781405     0.100000
    41.722291    20.423107     0.784716     0.100000
    41.544099    20.333159     0.788027     0.100000
    41.363163    20.241253     0.791338     0.100000
    41.179420    20.147323     0.794649     0.100000
    40.992805    20.051301     0.797960     0.100000
    40.803248    19.953116     0.801271     0.100000
    40.610680    19.852693     0.804582     0.100000
    40.415030    19.749956     0.807893     0.100000
    40.216221    19.644823     0.811204     0.100000
    40.014177    19.537208     0.814515     0.100000
    39.808819    19.427022     0.817826     0.100000
    39.600064    19.314171     0.821137     0.100000
    39.387828    19.198557     0.824448     0.100000
    39.172021    19.080076     0.827759     0.100000
    38.952555    18.958620     0.831070     0.100000
    38.729333    18.834074     0.834381     0.100000
    38.502261    18.706317     0.837692     0.100000
    38.271236    18.575224     0.841003     0.100000
    38.036155    18.440661     0.844314     0.100000
    37.796910    18.302486     0.847625     0.100000
    37.553390    18.160551     0.850936     0.100000
    37.305479    18.014700     0.854247     0.100000
    37.053056    17.864765     0.857559     0.100000
    36.795998    17.710571     0.860870     0.100000
    36.534176    17.551933     0.864181     0.100000
    36.267456    17.388652     0.867492     0.100000
    35.995699    17.220519     0.870803     0.100000
    35.718762    17.047312     0.874114     0.100000
    35.436495    16.868795     0.877425     0.100000
    35.148742    16.684716     0.880736     0.100000
    34.855342    16.494805     0.884047     0.100000
    34.556128    16.298778     0.887358     0.100000
    34.250923    16.096329     0.890669     0.100000
    33.939548    15.887129     0.893980     0.100000
    33.621812    15.670829     0.897291     0.100000
    33.297519    15.447053     0.900602     0.100000
    32.966464    15.215398     0.903913     0.100000
    32.628433    14.975427     0.907224     0.100000
    32.283203    14.726674     0.910535     0.100000
    31.930542    14.468632     0.913846     0.100000
    31.570207    14.200753     0.917157     0.100000
    31.201945    13.922443     0.920468     0.100000
    30.825492    13.633057     0.923779     0.100000
    30.440570    13.331892     0.927090     0.100000
    30.046892    13.018178     0.930401     0.100000
    29.644155    12.691073     0.933712     0.100000
    29.232042    12.349652     0.937023     0.100000
    28.810223    11.992891     0.940334     0.100000
    28.378349    11.619659     0.943645     0.100000
    27.936059    11.228693     0.946957     0.100000
    27.482969    10.818585     0.950268     0.100000
    27.018680    10.387746     0.953579     0.100000
    26.542770     9.934378     0.956890     0.100000
    26.054800     9.456426     0.960201     0.100000
    25.554303     8.951526     0.963512     0.100000
    25.040792     8.416919     0.966823     0.100000
    24.513751     7.849356     0.970134     0.100000
    23.972640     7.244942     0.973445     0.100000
    23.416888     6.598926     0.976756     0.100000
    22.845891     5.905385     0.980067     0.100000
    22.259013     5.156725     0.983378     0.100000
    21.655584     4.342883     0.986689     0.100000
    21.034893     3.449965     0.990000     0.100000
    50.496773    23.956351     0.000000     0.150000
    50.468549    23.946926     0.003311     0.150000
    50.440181    23.937447     0.006622     0.150000
    50.411668    23.927911     0.009933     0.150000
    50.383008    23.918320     0.013244     0.150000
    50.354201    23.908673     0.016555     0.150000
    50.325244    23.898968     0.019866     0.150000
    50.296139    23.889207     0.023177     0.150000
    50.266882    23.879387     0.026488     0.150000
    50.237473    23.869509     0.029799     0.150000
    50.207910    23.859572     0.033110     0.150000
    50.178193    23.849575     0.036421     0.150000
    50.148320    23.839518     0.039732     0.150000
    50.118290    23.829401     0.043043     0.150000
    50.088102    23.819223     0.046355     0.150000
    50.057755    23.808983     0.049666     0.150000
    50.027246    23.798681     0.052977     0.150000
    49.996576    23.788316     0.056288     0.150000
    49.965742    23.777887     0.059599     0.150000
    49.934744    23.767395     0.062910     0.150000
    49.903579    23.756838     0.066221     0.150000
    49.872248    23.746216     0.069532     0.150000
    49.840747    23.735528     0.072843     0.150000
    49.809077    23.724774     0.076154     0.150000
    49.777235    23.713953     0.079465     0.150000
    49.745220    23.703064     0.082776     0.150000
    49.713031    23.692107     0.086087     0.150000
    49.680667    23.681082     0.089398     0.150000
    49.648125    23.669986     0.092709     0.150000
    49.615405    23.658821     0.096020     0.150000
    49.582505    23.647584     0.099331     0.150000
    49.549423    23.636276     0.102642     0.150000
    49.516158    23.624896     0.105953     0.150000
    49.482709    23.613443     0.109264     0.150000
    49.449074    23.601916     0.112575     0.150000
    49.415250    23.590315     0.115886     0.150000
    49.381238    23.578638     0.119197     0.150000
    49.347035    23.566886     0.122508     0.150000
    49.312640    23.555058     0.125819     0.150000
    49.278050    23.543152     0.129130     0.150000
    49.243265    23.531168     0.132441     0.150000
    49.208283    23.519105     0.135753     0.150000
    49.173101    23.506963     0.139064     0.150000
    49.137719    23.494740     0.142375     0.150000
    49.102134    23.482437     0.145686     0.150000
    49.066345    23.470051     0.148997     0.150000
    49.030350    23.457582     0.152308     0.150000
    48.994147    23.445030     0.155619     0.150000
    48.957735    23.432393     0.158930     0.150000
    48.921111    23.419670     0.162241     0.150000
    48.884274    23.406862     0.165552     0.150000
    48.847222    23.393966     0.168863     0.150000
    48.809953    23.380983     0.172174     0.150000
    48.772465    23.367910     0.175485     0.150000
    48.734757    23.354748     0.178796     0.150000
    48.696825    23.341495     0.182107     0.150000
    48.658669    23.328150     0.185418     0.150000
    48.620286    23.314713     0.188729     0.150000
    48.581674    23.301182     0.192040     0.150000
    48.542831    23.287556     0.195351     0.150000
    48.503755    23.273835     0.198662     0.150000
    48.464445    23.260017     0.201973     0.150000
    48.424897    23.246102     0.205284     0.150000
    48.385110    23.232088     0.208595     0.150000
    48.345081    23.217974     0.211906     0.150000
    48.304809    23.203759     0.215217     0.150000
    48.264290    23.189443     0.218528     0.150000
    48.223524    23.175023     0.221839     0.150000
    48.182507    23.160500     0.225151     0.150000
    48.141237    23.145871     0.228462     0.150000
    48.099712    23.131136     0.231773     0.150000
    48.057930    23.116293     0.235084     0.150000
    48.015887    23.101342     0.238395     0.150000
    47.973583    23.086281     0.241706     0.150000
    47.931013    23.071109     0.245017     0.150000
    47.888176    23.055824     0.248328     0.150000
    47.845070    23.040425     0.251639     0.150000
    47.801691    23.024912     0.254950     0.150000
    47.758037    23.009283     0.258261     0.150000
    47.714105    22.993536     0.261572     0.150000
    47.669894    22.977670     0.264883     0.150000
    47.625399    22.961684     0.268194     0.150000
    47.580618    22.945577     0.271505     0.150000
    47.535549    22.929347     0.274816     0.150000
    47.490189    22.912992     0.278127     0.150000
    47.444535    22.896511     0.281438     0.150000
    47.398584    22.879904     0.284749     0.150000
    47.352333    22.863167     0.288060     0.150000
    47.305780    22.846301     0.291371     0.150000
    47.258920    22.829302     0.294682     0.150000
    47.211752    22.812171     0.297993     0.150000
    47.164272    22.794904     0.301304     0.150000
    47.116477    22.777501     0.304615     0.150000
    47.068364    22.759960     0.307926     0.150000
    47.019929    22.742279     0.311237     0.150000
    46.971170    22.724457     0.314548     0.150000
    46.922084    22.706491     0.317860     0.150000
    46.872666    22.688381     0.321171     0.150000
    46.822914    22.670124     0.324482     0.150000
    46.772824    22.651719     0.327793     0.150000
    46.722392    22.633164     0.331104     0.150000
    46.671616    22.614456     0.334415     0.150000
    46.620491    22.595595     0.337726     0.150000
    46.569015    22.576577     0.341037     0.150000
    46.517183    22.557402     0.344348     0.150000
    46.464991    22.538067     0.347659     0.150000
    46.412437    22.518570     0.350970     0.150000
    46.359515    22.498910     0.354281     0.150000
    46.306223    22.479083     0.357592     0.150000
    46.252557    22.459089     0.360903     0.150000
    46.198511    22.438924     0.364214     0.150000
    46.144083    22.418588     0.367525     0.150000
    46.089269    22.398076     0.370836     0.150000
    46.034063    22.377388     0.374147     0.150000
    45.978463    22.356521     0.377458     0.150000
    45.922463    22.335472     0.380769     0.150000
    45.866060    22.314239     0.384080     0.150000
    45.809249    22.292820     0.387391     0.150000
    45.752025    22.271213     0.390702     0.150000
    45.694384    22.249414     0.394013     0.150000
    45.636322    22.227422     0.397324     0.150000
    45.577834    22.205233     0.400635     0.150000
    45.518915    22.182845     0.403946     0.150000
    45.459561    22.160256     0.407258     0.150000
    45.399766    22.137462     0.410569     0.150000
    45.339525    22.114461     0.413880     0.150000
    45.278834    22.091249     0.417191     0.150000
    45.217688    22.067825     0.420502     0.150000
    45.156081    22.044185     0.423813     0.150000
    45.094008    22.020326     0.427124     0.150000
    45.031464    21.996246     0.430435     0.150000
    44.968444    21.971940     0.433746     0.150000
    44.904942    21.947406     0.437057     0.150000
    44.840952    21.922640     0.440368     0.150000
    44.776469    21.897640     0.443679     0.150000
    44.711487    21.872401     0.446990     0.150000
    44.646001    21.846921     0.450301     0.150000
    44.580004    21.821196     0.453612     0.150000
    44.513490    21.795223     0.456923     0.150000
    44.446453    21.768997     0.460234     0.150000
    44.378888    21.742515     0.463545     0.150000
    44.310788    21.715774     0.466856     0.150000
    44.242146    21.688769     0.470167     0.150000
    44.172956    21.661497     0.473478     0.150000
    44.103211    21.633954     0.476789     0.150000
    44.032905    21.606135     0.480100     0.150000
    43.962031    21.578036     0.483411     0.150000
    43.890582    21.549654     0.486722     0.150000
    43.818551    21.520983     0.490033     0.150000
    43.745931    21.492020     0.493344     0.150000
    43.672714    21.462759     0.496656     0.150000
    43.598894    21.433197     0.499967     0.150000
    43.524462    21.403329     0.503278     0.150000
    43.449411    21.373149     0.506589     0.150000
    43.373734    21.342653     0.509900     0.150000
    43.297422    21.311836     0.513211     0.150000
    43.220467    21.280693     0.516522     0.150000
    43.142862    21.249218     0.519833     0.150000
    43.064598    21.217407     0.523144     0.150000
    42.985666    21.185254     0.526455     0.150000
    42.906058    21.152753     0.529766     0.150000
    42.825765    21.119898     0.533077     0.150000
    42.744779    21.086684     0.536388     0.150000
    42.663090    21.053106     0.539699     0.150000
    42.580689    21.019156     0.543010     0.150000
    42.497567    20.984828     0.546321     0.150000
    42.413714    20.950117     0.549632     0.150000
    42.329121    20.915016     0.552943     0.150000
    42.243778    20.879518     0.556254     0.150000
    42.157674    20.843616     0.559565     0.150000
    42.070800    20.807304     0.562876     0.150000
    41.983145    20.770575     0.566187     0.150000
    41.894698    20.733420     0.569498     0.150000
    41.805450    20.695833     0.572809     0.150000
    41.715388    20.657806     0.576120     0.150000
    41.624502    20.619332     0.579431     0.150000
    41.532780    20.580402     0.582742     0.150000
    41.440211    20.541008     0.586054     0.150000
    41.346783    20.501143     0.589365     0.150000
    41.252484    20.460796     0.592676     0.150000
    41.157302    20.419960     0.595987     0.150000
    41.061223    20.378626     0.599298     0.150000
    40.964237    20.336785     0.602609     0.150000
    40.866328    20.294426     0.605920     0.150000
    40.767486    20.251540     0.609231     0.150000
    40.667695    20.208119     0.612542     0.150000
    40.566942    20.164150     0.615853     0.150000
    40.465214    20.119624     0.619164     0.150000
    40.362495    20.074531     0.622475     0.150000
    40.258772    20.028859     0.625786     0.150000
    40.154030    19.982597     0.629097     0.150000
    40.048253    19.935734     0.632408     0.150000
    39.941426    19.888257     0.635719     0.150000
    39.833534    19.840155     0.639030     0.150000
    39.724561    19.791415     0.642341     0.150000
    39.614489    19.742025     0.645652     0.150000
    39.503303    19.691971     0.648963     0.150000
    39.390985    19.641239     0.652274     0.150000
    39.277518    19.589816     0.655585     0.150000
    39.162885    19.537688     0.658896     0.150000
    39.047066    19.484840     0.662207     0.150000
    38.930045    19.431257     0.665518     0.150000
    38.811801    19.376924     0.668829     0.150000
    38.692317    19.321823     0.672140     0.150000
    38.571571    19.265940     0.675452     0.150000
    38.449544    19.209258     0.678763     0.150000
    38.326215    19.151758     0.682074     0.150000
    38.201564    19.093424     0.685385     0.150000
    38.075570    19.034236     0.688696     0.150000
    37.948209    18.974177     0.692007     0.150000
    37.819460    18.913226     0.695318     0.150000
    37.689301    18.851363     0.698629     0.150000
    37.557707    18.788568     0.701940     0.150000
    37.424656    18.724820     0.705251     0.150000
    37.290122    18.660096     0.708562     0.150000
    37.154081    18.594374     0.711873     0.150000
    37.016507    18.527631     0.715184     0.150000
    36.877374    18.459843     0.718495     0.150000
    36.736655    18.390984     0.721806     0.150000
    36.594324    18.321029     0.725117     0.150000
    36.450353    18.249952     0.728428     0.150000
    36.304712    18.177725     0.731739     0.150000
    36.157373    18.104320     0.735050     0.150000
    36.008306    18.029709     0.738361     0.150000
    35.857480    17.953860     0.741672     0.150000
    35.704864    17.876743     0.744983     0.150000
    35.550425    17.798325     0.748294     0.150000
    35.394132    17.718574     0.751605     0.150000
    35.235950    17.637455     0.754916     0.150000
    35.075845    17.554932     0.758227     0.150000
    34.913782    17.470968     0.761538     0.150000
    34.749724    17.385525     0.764849     0.150000
    34.583634    17.298563     0.768161     0.150000
    34.415476    17.210042     0.771472     0.150000
    34.245208    17.119919     0.774783     0.150000
    34.072793    17.028149     0.778094     0.150000
    33.898188    16.934688     0.781405     0.150000
    33.721352    16.839487     0.784716     0.150000
    33.542241    16.742497     0.788027     0.150000
    33.360813    16.643667     0.791338     0.150000
    33.177020    16.542944     0.794649     0.150000
    32.990818    16.440273     0.797960     0.150000
    32.802157    16.335596     0.801271     0.150000
    32.610989    16.228854     0.804582     0.150000
    32.417265    16.119984     0.807893     0.150000
    32.220931    16.008921     0.811204     0.150000
    32.021935    15.895599     0.814515     0.150000
    31.820223    15.779946     0.817826     0.150000
    31.615739    15.661891     0.821137     0.150000
    31.408424    15.541355     0.824448     0.150000
    31.198220    15.418261     0.827759     0.150000
    30.985067    15.292524     0.831070     0.150000
    30.768900    15.164058     0.834381     0.150000
    30.549657    15.032771     0.837692     0.150000
    30.327271    14.898570     0.841003     0.150000
    30.101674    14.761355     0.844314     0.150000
    29.872795    14.621022     0.847625     0.150000
    29.640564    14.477461     0.850936     0.150000
    29.404905    14.330560     0.854247     0.150000
    29.165742    14.180198     0.857559     0.150000
    28.922996    14.026249     0.860870     0.150000
    28.676586    13.868583     0.864181     0.150000
    28.426429    13.707059     0.867492     0.150000
    28.172439    13.541533     0.870803     0.150000
    27.914526    13.371851     0.874114     0.150000
    27.652600    13.197851     0.877425     0.150000
    27.386565    13.019362     0.880736     0.150000
    27.116324    12.836205     0.884047     0.150000
    26.841778    12.648190     0.887358     0.150000
    26.562821    12.455114     0.890669     0.150000
    26.279347    12.256767     0.893980     0.150000
    25.991245    12.052921     0.897291     0.150000
    25.698402    11.843338     0.900602     0.150000
    25.400698    11.627762     0.903913     0.150000
    25.098013    11.405924     0.907224     0.150000
    24.790219    11.177535     0.910535     0.150000
    24.477187    10.942285     0.913846     0.150000
    24.158781    10.699848     0.917157     0.150000
    23.834862    10.449868     0.920468     0.150000
    23.505286    10.191967     0.923779     0.150000
    23.169903     9.925738     0.927090     0.150000
    22.828558     9.650740     0.930401     0.150000
    22.481091     9.366496     0.933712     0.150000
    22.127336     9.072490     0.937023     0.150000
    21.767120     8.768158     0.940334     0.150000
    21.400264     8.452882     0.943645     0.150000
    21.026585     8.125985     0.946957     0.150000
    20.645888     7.786716     0.950268     0.150000
    20.257976     7.434240     0.953579     0.150000
    19.862639     7.067622     0.956890     0.150000
    19.459665     6.685803     0.960201     0.150000
    19.048828     6.287574     0.963512     0.150000
    18.629897     5.871535     0.966823     0.150000
    18.202630     5.436047     0.970134     0.150000
    17.766776     4.979149     0.973445     0.150000
    17.322073     4.498456     0.976756     0.150000
    16.868248     3.990987     0.980067     0.150000
    16.405019     3.452911     0.983378     0.150000
    15.932091     2.879127     0.986689     0.150000
    15.449154     2.262544     0.990000     0.150000
    45.015797    21.685156     0.000000     0.200000
    44.984428    21.674217     0.003311     0.200000
    44.952909    21.663217     0.006622     0.200000
    44.921238    21.652155     0.009933     0.200000
    44.889413    21.641030     0.013244     0.200000
    44.857435    21.629843     0.016555     0.200000
    44.825301    21.618592     0.019866     0.200000
    44.793011    21.607277     0.023177     0.200000
    44.760564    21.595898     0.026488     0.200000
    44.727958    21.584454     0.029799     0.200000
    44.695192    21.572944     0.033110     0.200000
    44.662265    21.561368     0.036421     0.200000
    44.629176    21.549725     0.039732     0.200000
    44.595924    21.538015     0.043043     0.200000
    44.562507    21.526237     0.046355     0.200000
    44.528924    21.514390     0.049666     0.200000
    44.495174    21.502474     0.052977     0.200000
    44.461256    21.490489     0.056288     0.200000
    44.427169    21.478433     0.059599     0.200000
    44.392910    21.466306     0.062910     0.200000
    44.358480    21.454108     0.066221     0.200000
    44.323876    21.441837     0.069532     0.200000
    44.289097    21.429494     0.072843     0.200000
    44.254143    21.417077     0.076154     0.200000
    44.219011    21.404586     0.079465     0.200000
    44.183700    21.392020     0.082776     0.200000
    44.148209    21.379379     0.086087     0.200000
    44.112537    21.366661     0.089398     0.200000
    44.076682    21.353866     0.092709     0.200000
    44.040642    21.340994     0.096020     0.200000
    44.004417    21.328044     0.099331     0.200000
    43.968004    21.315014     0.102642     0.200000
    43.931403    21.301905     0.105953     0.200000
    43.894612    21.288716     0.109264     0.200000
    43.857629    21.275445     0.112575     0.200000
    43.820454    21.262092     0.115886     0.200000
    43.783083    21.248656     0.119197     0.200000
    43.745517    21.235137     0.122508     0.200000
    43.707753    21.221534     0.125819     0.200000
    43.669790    21.207846     0.129130     0.200000
    43.631625    21.194071     0.132441     0.200000
    43.593259    21.180210     0.135753     0.200000
    43.554688    21.166262     0.139064     0.200000
    43.515912    21.152225     0.142375     0.200000
    43.476929    21.138099     0.145686     0.200000
    43.437736    21.123883     0.148997     0.200000
    43.398333    21.109576     0.152308     0.200000
    43.358718    21.095178     0.155619     0.200000
    43.318888    21.080686     0.158930     0.200000
    43.278843    21.066101     0.162241     0.200000
    43.238580    21.051422     0.165552     0.200000
    43.198097    21.036647     0.168863     0.200000
    43.157394    21.021776     0.172174     0.200000
    43.116468    21.006808     0.175485     0.200000
    43.075316    20.991742     0.178796     0.200000
    43.033938    20.976576     0.182107     0.200000
    42.992332    20.961310     0.185418     0.200000
    42.950495    20.945943     0.188729     0.200000
    42.908426    20.930474     0.192040     0.200000
    42.866123    20.914901     0.195351     0.200000
    42.823583    20.899225     0.198662     0.200000
    42.780805    20.883443     0.201973     0.200000
    42.737787    20.867554     0.205284     0.200000
    42.694526    20.851559     0.208595     0.200000
    42.651021    20.835454     0.211906     0.200000
    42.607270    20.819240     0.215217     0.200000
    42.563270    20.802916     0.218528     0.200000
    42.519020    20.786479     0.221839     0.200000
    42.474516    20.769930     0.225151     0.200000
    42.429758    20.753266     0.228462     0.200000
    42.384743    20.736487     0.231773     0.200000
    42.339468    20.719591     0.235084     0.200000
    42.293932    20.702577     0.238395     0.200000
    42.248132    20.685444     0.241706     0.200000
    42.202065    20.668191     0.245017     0.200000
    42.155731    20.650817     0.248328     0.200000
    42.109125    20.633319     0.251639     0.200000
    42.062246    20.615697     0.254950     0.200000
    42.015091    20.597950     0.258261     0.200000
    41.967658    20.580076     0.261572     0.200000
    41.919945    20.562074     0.264883     0.200000
    41.871948    20.543942     0.268194     0.200000
    41.823666    20.525679     0.271505     0.200000
    41.775096    20.507283     0.274816     0.200000
    41.726235    20.488754     0.278127     0.200000
    41.677081    20.470089     0.281438     0.200000
    41.627630    20.451288     0.284749     0.200000
    41.577881    20.432348     0.288060     0.200000
    41.527831    20.413268     0.291371     0.200000
    41.477476    20.394047     0.294682     0.200000
    41.426815    20.374682     0.297993     0.200000
    41.375843    20.355173     0.301304     0.200000
    41.324559    20.335518     0.304615     0.200000
    41.272960    20.315715     0.307926     0.200000
    41.221042    20.295762     0.311237     0.200000
    41.168803    20.275658     0.314548     0.200000
    41.116239    20.255401     0.317860     0.200000
    41.063349    20.234989     0.321171     0.200000
    41.010127    20.214421     0.324482     0.200000
    40.956572    20.193694     0.327793     0.200000
    40.902681    20.172807     0.331104     0.200000
    40.848449    20.151758     0.334415     0.200000
    40.793874    20.130545     0.337726     0.200000
    40.738953    20.109166     0.341037     0.200000
    40.683683    20.087619     0.344348     0.200000
    40.628059    20.065903     0.347659     0.200000
    40.572079    20.044014     0.350970     0.200000
    40.515739    20.021952     0.354281     0.200000
    40.459035    19.999714     0.357592     0.200000
    40.401965    19.977297     0.360903     0.200000
    40.344524    19.954701     0.364214     0.200000
    40.286709    19.931921     0.367525     0.200000
    40.228517    19.908958     0.370836     0.200000
    40.169943    19.885807     0.374147     0.200000
    40.110983    19.862467     0.377458     0.200000
    40.051635    19.838936     0.380769     0.200000
    39.991894    19.815211     0.384080     0.200000
    39.931756    19.791289     0.387391     0.200000
    39.871217    19.767169     0.390702     0.200000
    39.810273    19.742847     0.394013     0.200000
    39.748921    19.718322     0.397324     0.200000
    39.687156    19.693591     0.400635     0.200000
    39.624973    19.668650     0.403946     0.200000
    39.562369    19.643498     0.407258     0.200000
    39.499339    19.618131     0.410569     0.200000
    39.435879    19.592548     0.413880     0.200000
    39.371985    19.566744     0.417191     0.200000
    39.307652    19.540718     0.420502     0.200000
    39.242875    19.514466     0.423813     0.200000
    39.177650    19.487986     0.427124     0.200000
    39.111972    19.461274     0.430435     0.200000
    39.045837    19.434328     0.433746     0.200000
    38.979240    19.407143     0.437057     0.200000
    38.912175    19.379718     0.440368     0.200000
    38.844638    19.352049     0.443679     0.200000
    38.776624    19.324132     0.446990     0.200000
    38.708128    19.295965     0.450301     0.200000
    38.639145    19.267543     0.453612     0.200000
    38.569669    19.238864     0.456923     0.200000
    38.499695    19.209924     0.460234     0.200000
    38.429218    19.180719     0.463545     0.200000
    38.358232    19.151246     0.466856     0.200000
    38.286733    19.121501     0.470167     0.200000
    38.214713    19.091480     0.473478     0.200000
    38.142168    19.061179     0.476789     0.200000
    38.069091    19.030595     0.480100     0.200000
    37.995478    18.999723     0.483411     0.200000
    37.921321    18.968560     0.486722     0.200000
    37.846616    18.937100     0.490033     0.200000
    37.771355    18.905341     0.493344     0.200000
    37.695533    18.873277     0.496656     0.200000
    37.619143    18.840904     0.499967     0.200000
    37.542179    18.808218     0.503278     0.200000
    37.464634    18.775214     0.506589     0.200000
    37.386502    18.741887     0.509900     0.200000
    37.307776    18.708234     0.513211     0.200000
    37.228450    18.674248     0.516522     0.200000
    37.148515    18.639925     0.519833     0.200000
    37.067967    18.605260     0.523144     0.200000
    36.986796    18.570247     0.526455     0.200000
    36.904997    18.534882     0.529766     0.200000
    36.822561    18.499159     0.533077     0.200000
    36.739481    18.463073     0.536388     0.200000
    36.655750    18.426618     0.539699     0.200000
    36.571361    18.389788     0.543010     0.200000
    36.486304    18.352578     0.546321     0.200000
    36.400572    18.314982     0.549632     0.200000
    36.314158    18.276993     0.552943     0.200000
    36.227053    18.238605     0.556254     0.200000
    36.139248    18.199813     0.559565     0.200000
    36.050736    18.160609     0.562876     0.200000
    35.961507    18.120988     0.566187     0.200000
    35.871553    18.080941     0.569498     0.200000
    35.780865    18.040463     0.572809     0.200000
    35.689434    17.999547     0.576120     0.200000
    35.597251    17.958184     0.579431     0.200000
    35.504306    17.916369     0.582742     0.200000
    35.410591    17.874093     0.586054     0.200000
    35.316095    17.831349     0.589365     0.200000
    35.220808    17.788129     0.592676     0.200000
    35.124721    17.744425     0.595987     0.200000
    35.027824    17.700228     0.599298     0.200000
    34.930105    17.655531     0.602609     0.200000
    34.831556    17.610325     0.605920     0.200000
    34.732165    17.564600     0.609231     0.200000
    34.631920    17.518349     0.612542     0.200000
    34.530812    17.471562     0.615853     0.200000
    34.428830    17.424229     0.619164     0.200000
    34.325960    17.376341     0.622475     0.200000
    34.222193    17.327888     0.625786     0.200000
    34.117516    17.278860     0.629097     0.200000
    34.011917    17.229247     0.632408     0.200000
    33.905384    17.179037     0.635719     0.200000
    33.797905    17.128221     0.639030     0.200000
    33.689466    17.076788     0.642341     0.200000
    33.580055    17.024725     0.645652     0.200000
    33.469660    16.972021     0.648963     0.200000
    33.358265    16.918664     0.652274     0.200000
    33.245859    16.864643     0.655585     0.200000
    33.132426    16.809944     0.658896     0.200000
    33.017953    16.754555     0.662207     0.200000
    32.902426    16.698462     0.665518     0.200000
    32.785829    16.641652     0.668829     0.200000
    32.668149    16.584111     0.672140     0.200000
    32.549369    16.525825     0.675452     0.200000
    32.429475    16.466780     0.678763     0.200000
    32.308450    16.406959     0.682074     0.200000
    32.186278    16.346349     0.685385     0.200000
    32.062943    16.284932     0.688696     0.200000
    31.938429    16.222693     0.692007     0.200000
    31.812719    16.159616     0.695318     0.200000
    31.685794    16.095682     0.698629     0.200000
    31.557638    16.030875     0.701940     0.200000
    31.428232    15.965177     0.705251     0.200000
    31.297558    15.898568     0.708562     0.200000
    31.165597    15.831030     0.711873     0.200000
    31.032330    15.762543     0.715184     0.200000
    30.897738    15.693087     0.718495     0.200000
    30.761801    15.622640     0.721806     0.200000
    30.624499    15.551183     0.725117     0.200000
    30.485810    15.478692     0.728428     0.200000
    30.345714    15.405145     0.731739     0.200000
    30.204190    15.330519     0.735050     0.200000
    30.061214    15.254789     0.738361     0.200000
    29.916766    15.177931     0.741672     0.200000
    29.770822    15.099919     0.744983     0.200000
    29.623358    15.020728     0.748294     0.200000
    29.474350    14.940329     0.751605     0.200000
    29.323776    14.858696     0.754916     0.200000
    29.171609    14.775799     0.758227     0.200000
    29.017824    14.691608     0.761538     0.200000
    28.862395    14.606093     0.764849     0.200000
    28.705296    14.519222     0.768161     0.200000
    28.546499    14.430962     0.771472     0.200000
    28.385978    14.341280     0.774783     0.200000
    28.223703    14.250142     0.778094     0.200000
    28.059646    14.157509     0.781405     0.200000
    27.893777    14.063347     0.784716     0.200000
    27.726066    13.967615     0.788027     0.200000
    27.556483    13.870275     0.791338     0.200000
    27.384996    13.771284     0.794649     0.200000
    27.211572    13.670601     0.797960     0.200000
    27.036178    13.568181     0.801271     0.200000
    26.858781    13.463979     0.804582     0.200000
    26.679347    13.357947     0.807893     0.200000
    26.497839    13.250036     0.811204     0.200000
    26.314222    13.140195     0.814515     0.200000
    26.128459    13.028372     0.817826     0.200000
    25.940512    12.914512     0.821137     0.200000
    25.750342    12.798557     0.824448     0.200000
    25.557910    12.680449     0.827759     0.200000
    25.363175    12.560127     0.831070     0.200000
    25.166094    12.437528     0.834381     0.200000
    24.966627    12.312584     0.837692     0.200000
    24.764729    12.185227     0.841003     0.200000
    24.560355    12.055385     0.844314     0.200000
    24.353460    11.922984     0.847625     0.200000
    24.143996    11.787946     0.850936     0.200000
    23.931916    11.650191     0.854247     0.200000
    23.717170    11.509633     0.857559     0.200000
    23.499707    11.366185     0.860870     0.200000
    23.279477    11.219754     0.864181     0.200000
    23.056424    11.070245     0.867492     0.200000
    22.830496    10.917557     0.870803     0.200000
    22.601636    10.761585     0.874114     0.200000
    22.369786    10.602219     0.877425     0.200000
    22.134888    10.439344     0.880736     0.200000
    21.896880    10.272838     0.884047     0.200000
    21.655702    10.102576     0.887358     0.200000
    21.411288     9.928423     0.890669     0.200000
    21.163575     9.750240     0.893980     0.200000
    20.912493     9.567879     0.897291     0.200000
    20.657975     9.381185     0.900602     0.200000
    20.399948     9.189993     0.903913     0.200000
    20.138341     8.994130     0.907224     0.200000
    19.873077     8.793413     0.910535     0.200000
    19.604081     8.587647     0.913846     0.200000
    19.331272     8.376626     0.917157     0.200000
    19.054568     8.160130     0.920468     0.200000
    18.773886     7.937924     0.923779     0.200000
    18.489140     7.709759     0.927090     0.200000
    18.200240     7.475364     0.930401     0.200000
    17.907095     7.234452     0.933712     0.200000
    17.609611     6.986711     0.937023     0.200000
    17.307690     6.731802     0.940334     0.200000
    17.001232     6.469357     0.943645     0.200000
    16.690136     6.198975     0.946957     0.200000
    16.374293     5.920209     0.950268     0.200000
    16.053596     5.632569     0.953579     0.200000
    15.727931     5.335503     0.956890     0.200000
    15.397181     5.028387     0.960201     0.200000
    15.061228     4.710509     0.963512     0.200000
    14.719946     4.381042     0.966823     0.200000
    14.373209     4.039013     0.970134     0.200000
    14.020884     3.683255     0.973445     0.200000
    13.662836     3.312333     0.976756     0.200000
    13.298923     2.924441     0.980067     0.200000
    12.929000     2.517237     0.983378     0.200000
    12.552918     2.087567     0.986689     0.200000
    12.170520     1.631007     0.990000     0.200000
