    K_f          mu_f          f            Kp
    68.257158    30.803894     0.000000     0.020000
    68.249759    30.802080     0.003311     0.020000
    68.242313    30.800253     0.006622     0.020000
    68.234818    30.798415     0.009933     0.020000
    68.227274    30.796564     0.013244     0.020000
    68.219682    30.794702     0.016555     0.020000
    68.212040    30.792826     0.019866     0.020000
    68.204348    30.790939     0.023177     0.020000
    68.196605    30.789039     0.026488     0.020000
    68.188811    30.787126     0.029799     0.020000
    68.180966    30.785200     0.033110     0.020000
    68.173068    30.783261     0.036421     0.020000
    68.165118    30.781309     0.039732     0.020000
    68.157115    30.779344     0.043043     0.020000
    68.149058    30.777366     0.046355     0.020000
    68.140947    30.775374     0.049666     0.020000
    68.132781    30.773368     0.052977     0.020000
    68.124560    30.771348     0.056288     0.020000
    68.116283    30.769315     0.059599     0.020000
    68.107949    30.767267     0.062910     0.020000
    68.099559    30.765205     0.066221     0.020000
    68.091111    30.763129     0.069532     0.020000
    68.082604    30.761038     0.072843     0.020000
    68.074039    30.758933     0.076154     0.020000
    68.065415    30.756813     0.079465     0.020000
    68.056730    30.754677     0.082776     0.020000
    68.047985    30.752527     0.086087     0.020000
    68.039178    30.750361     0.089398     0.020000
    68.030309    30.748180     0.092709     0.020000
    68.021378    30.745983     0.096020     0.020000
    68.012384    30.743770     0.099331     0.020000
    68.003325    30.741541     0.102642     0.020000
    67.994202    30.739296     0.105953     0.020000
    67.985014    30.737034     0.109264     0.020000
    67.975759    30.734756     0.112575     0.020000
    67.966438    30.732462     0.115886     0.020000
    67.957049    30.730150     0.119197     0.020000
    67.947592    30.727822     0.122508     0.020000
    67.938066    30.725476     0.125819     0.020000
    67.928471    30.723112     0.129130     0.020000
    67.918805    30.720731     0.132441     0.020000
    67.909067    30.718332     0.135753     0.020000
    67.899258    30.715915     0.139064     0.020000
    67.889375    30.713480     0.142375     0.020000
    67.879419    30.711026     0.145686     0.020000
    67.869389    30.708554     0.148997     0.020000
    67.859283    30.706062     0.152308     0.020000
    67.849101    30.703552     0.155619     0.020000
    67.838842    30.701022     0.158930     0.020000
    67.828505    30.698472     0.162241     0.020000
    67.818089    30.695903     0.165552     0.020000
    67.807593    30.693314     0.168863     0.020000
    67.797017    30.690704     0.172174     0.020000
    67.786359    30.688074     0.175485     0.020000
    67.775619    30.685423     0.178796     0.020000
    67.764795    30.682751     0.182107     0.020000
    67.753887    30.680058     0.185418     0.020000
    67.742893    30.677344     0.188729     0.020000
    67.731812    30.674607     0.192040     0.020000
    67.720645    30.671849     0.195351     0.020000
    67.709388    30.669068     0.198662     0.020000
    67.698042    30.666265     0.201973     0.020000
    67.686606    30.663439     0.205284     0.020000
    67.675077    30.660590     0.208595     0.020000
    67.663456    30.657717     0.211906     0.020000
    67.651741    30.654821     0.215217     0.020000
    67.639930    30.651901     0.218528     0.020000
    67.628023    30.648956     0.221839     0.020000
    67.616019    30.645987     0.225151     0.020000
    67.603916    30.642993     0.228462     0.020000
    67.591713    30.639974     0.231773     0.020000
    67.579409    30.636929     0.235084     0.020000
    67.567003    30.633858     0.238395     0.020000
    67.554493    30.630761     0.241706     0.020000
    67.541878    30.627638     0.245017     0.020000
    67.529156    30.624488     0.248328     0.020000
    67.516327    30.621310     0.251639     0.020000
    67.503389    30.618105     0.254950     0.020000
    67.490340    30.614872     0.258261     0.020000
    67.477179    30.611611     0.261572     0.020000
    67.463905    30.608321     0.264883     0.020000
    67.450517    30.605002     0.268194     0.020000
    67.437012    30.601654     0.271505     0.020000
    67.423389    30.598275     0.274816     0.020000
    67.409646    30.594867     0.278127     0.020000
    67.395783    30.591428     0.281438     0.020000
    67.381798    30.587958     0.284749     0.020000
    67.367688    30.584456     0.288060     0.020000
    67.353452    30.580922     0.291371     0.020000
    67.339089    30.577356     0.294682     0.020000
    67.324596    30.573758     0.297993     0.020000
    67.309973    30.570126     0.301304     0.020000
    67.295216    30.566460     0.304615     0.020000
    67.280326    30.562760     0.307926     0.020000
    67.265298    30.559026     0.311237     0.020000
    67.250132    30.555256     0.314548     0.020000
    67.234827    30.551450     0.317860     0.020000
    67.219378    30.547609     0.321171     0.020000
    67.203786    30.543731     0.324482     0.020000
    67.188047    30.539815     0.327793     0.020000
    67.172160    30.535862     0.331104     0.020000
    67.156123    30.531871     0.334415     0.020000
    67.139933    30.527841     0.337726     0.020000
    67.123589    30.523771     0.341037     0.020000
    67.107087    30.519661     0.344348     0.020000
    67.090426    30.515511     0.347659     0.020000
    67.073604    30.511319     0.350970     0.020000
    67.056618    30.507086     0.354281     0.020000
    67.039465    30.502810     0.357592     0.020000
    67.022144    30.498492     0.360903     0.020000
    67.004651    30.494129     0.364214     0.020000
    66.986985    30.489722     0.367525     0.020000
    66.969142    30.485270     0.370836     0.020000
    66.951120    30.480772     0.374147     0.020000
    66.932916    30.476228     0.377458     0.020000
    66.914528    30.471636     0.380769     0.020000
    66.895952    30.466997     0.384080     0.020000
    66.877186    30.462308     0.387391     0.020000
    66.858226    30.457571     0.390702     0.020000
    66.839071    30.452783     0.394013     0.020000
    66.819716    30.447944     0.397324     0.020000
    66.800159    30.443053     0.400635     0.020000
    66.780396    30.438109     0.403946     0.020000
    66.760425    30.433112     0.407258     0.020000
    66.740241    30.428060     0.410569     0.020000
    66.719842    30.422953     0.413880     0.020000
    66.699223    30.417789     0.417191     0.020000
    66.678382    30.412569     0.420502     0.020000
    66.657315    30.407290     0.423813     0.020000
    66.636018    30.401952     0.427124     0.020000
    66.614487    30.396554     0.430435     0.020000
    66.592719    30.391094     0.433746     0.020000
    66.570709    30.385573     0.437057     0.020000
    66.548453    30.379988     0.440368     0.020000
    66.525948    30.374339     0.443679     0.020000
    66.503189    30.368624     0.446990     0.020000
    66.480171    30.362843     0.450301     0.020000
    66.456891    30.356994     0.453612     0.020000
    66.433344    30.351075     0.456923     0.020000
    66.409525    30.345087     0.460234     0.020000
    66.385429    30.339027     0.463545     0.020000
    66.361052    30.332894     0.466856     0.020000
    66.336389    30.326687     0.470167     0.020000
    66.311434    30.320405     0.473478     0.020000
    66.286183    30.314045     0.476789     0.020000
    66.260629    30.307608     0.480100     0.020000
    66.234768    30.301091     0.483411     0.020000
    66.208594    30.294492     0.486722     0.020000
    66.182102    30.287811     0.490033     0.020000
    66.155285    30.281045     0.493344     0.020000
    66.128137    30.274194     0.496656     0.020000
    66.100653    30.267255     0.499967     0.020000
    66.072826    30.260226     0.503278     0.020000
    66.044649    30.253107     0.506589     0.020000
    66.016116    30.245895     0.509900     0.020000
    65.987220    30.238588     0.513211     0.020000
    65.957955    30.231185     0.516522     0.020000
    65.928312    30.223684     0.519833     0.020000
    65.898285    30.216082     0.523144     0.020000
    65.867866    30.208377     0.526455     0.020000
    65.837048    30.200569     0.529766     0.020000
    65.805822    30.192653     0.533077     0.020000
    65.774180    30.184629     0.536388     0.020000
    65.742115    30.176494     0.539699     0.020000
    65.709617    30.168245     0.543010     0.020000
    65.676677    30.159880     0.546321     0.020000
    65.643287    30.151398     0.549632     0.020000
    65.609438    30.142794     0.552943     0.020000
    65.575119    30.134067     0.556254     0.020000
    65.540321    30.125214     0.559565     0.020000
    65.505033    30.116233     0.562876     0.020000
    65.469246    30.107119     0.566187     0.020000
    65.432949    30.097871     0.569498     0.020000
    65.396131    30.088486     0.572809     0.020000
    65.358779    30.078960     0.576120     0.020000
    65.320884    30.069290     0.579431     0.020000
    65.282432    30.059473     0.582742     0.020000
    65.243412    30.049505     0.586054     0.020000
    65.203810    30.039384     0.589365     0.020000
    65.163614    30.029105     0.592676     0.020000
    65.122811    30.018665     0.595987     0.020000
    65.081385    30.008060     0.599298     0.020000
    65.039324    29.997285     0.602609     0.020000
    64.996611    29.986338     0.605920     0.020000
    64.953233    29.975213     0.609231     0.020000
    64.909172    29.963906     0.612542     0.020000
    64.864414    29.952414     0.615853     0.020000
    64.818941    29.940730     0.619164     0.020000
    64.772736    29.928851     0.622475     0.020000
    64.725782    29.916772     0.625786     0.020000
    64.678059    29.904487     0.629097     0.020000
    64.629549    29.891991     0.632408     0.020000
    64.580233    29.879278     0.635719     0.020000
    64.530089    29.866344     0.639030     0.020000
    64.479097    29.853181     0.642341     0.020000
    64.427236    29.839784     0.645652     0.020000
    64.374482    29.826147     0.648963     0.020000
    64.320813    29.812263     0.652274     0.020000
    64.266204    29.798126     0.655585     0.020000
    64.210631    29.783728     0.658896     0.020000
    64.154068    29.769062     0.662207     0.020000
    64.096488    29.754120     0.665518     0.020000
    64.037864    29.738895     0.668829     0.020000
    63.978166    29.723379     0.672140     0.020000
    63.917366    29.707563     0.675452     0.020000
    63.855432    29.691438     0.678763     0.020000
    63.792332    29.674995     0.682074     0.020000
    63.728033    29.658225     0.685385     0.020000
    63.662500    29.641118     0.688696     0.020000
    63.595699    29.623664     0.692007     0.020000
    63.527590    29.605851     0.695318     0.020000
    63.458137    29.587669     0.698629     0.020000
    63.387297    29.569106     0.701940     0.020000
    63.315031    29.550150     0.705251     0.020000
    63.241293    29.530789     0.708562     0.020000
    63.166039    29.511009     0.711873     0.020000
    63.089221    29.490796     0.715184     0.020000
    63.010791    29.470137     0.718495     0.020000
    62.930696    29.449016     0.721806     0.020000
    62.848884    29.427417     0.725117     0.020000
    62.765298    29.405325     0.728428     0.020000
    62.679880    29.382722     0.731739     0.020000
    62.592569    29.359589     0.735050     0.020000
    62.503302    29.335910     0.738361     0.020000
    62.412011    29.311662     0.741672     0.020000
    62.318629    29.286827     0.744983     0.020000
    62.223081    29.261383     0.748294     0.020000
    62.125291    29.235305     0.751605     0.020000
    62.025181    29.208572     0.754916     0.020000
    61.922665    29.181158     0.758227     0.020000
    61.817657    29.153035     0.761538     0.020000
    61.710064    29.124177     0.764849     0.020000
    61.599790    29.094555     0.768161     0.020000
    61.486733    29.064137     0.771472     0.020000
    61.370786    29.032891     0.774783     0.020000
    61.251838    29.000783     0.778094     0.020000
    61.129770    28.967777     0.781405     0.020000
    61.004458    28.933834     0.784716     0.020000
    60.875771    28.898914     0.788027     0.020000
    60.743571    28.862973     0.791338     0.020000
    60.607711    28.825968     0.794649     0.020000
    60.468038    28.787849     0.797960     0.020000
    60.324389    28.748566     0.801271     0.020000
    60.176591    28.708065     0.804582     0.020000
    60.024462    28.666287     0.807893     0.020000
    59.867810    28.623172     0.811204     0.020000
    59.706429    28.578655     0.814515     0.020000
    59.540102    28.532665     0.817826     0.020000
    59.368597    28.485128     0.821137     0.020000
    59.191670    28.435966     0.824448     0.020000
    59.009059    28.385094     0.827759     0.020000
    58.820486    28.332419     0.831070     0.020000
    58.625653    28.277846     0.834381     0.020000
    58.424245    28.221269     0.837692     0.020000
    58.215921    28.162577     0.841003     0.020000
    58.000321    28.101647     0.844314     0.020000
    57.777056    28.038350     0.847625     0.020000
    57.545709    27.972546     0.850936     0.020000
    57.305834    27.904081     0.854247     0.020000
    57.056951    27.832792     0.857559     0.020000
    56.798542    27.758499     0.860870     0.020000
    56.530049    27.681010     0.864181     0.020000
    56.250872    27.600113     0.867492     0.020000
    55.960358    27.515578     0.870803     0.020000
    55.657804    27.427155     0.874114     0.020000
    55.342444    27.334568     0.877425     0.020000
    55.013449    27.237517     0.880736     0.020000
    54.669914    27.135670     0.884047     0.020000
    54.310854    27.028664     0.887358     0.020000
    53.935192    26.916096     0.890669     0.020000
    53.541749    26.797520     0.893980     0.020000
    53.129233    26.672443     0.897291     0.020000
    52.696221    26.540315     0.900602     0.020000
    52.241148    26.400523     0.903913     0.020000
    51.762284    26.252379     0.907224     0.020000
    51.257712    26.095112     0.910535     0.020000
    50.725305    25.927853     0.913846     0.020000
    50.162695    25.749617     0.917157     0.020000
    49.567237    25.559289     0.920468     0.020000
    48.935967    25.355594     0.923779     0.020000
    48.265555    25.137072     0.927090     0.020000
    47.552243    24.902044     0.930401     0.020000
    46.791778    24.648566     0.933712     0.020000
    45.979325    24.374377     0.937023     0.020000
    45.109362    24.076831     0.940334     0.020000
    44.175561    23.752809     0.943645     0.020000
    43.170627    23.398613     0.946957     0.020000
    42.086110    23.009824     0.950268     0.020000
    40.912167    22.581113     0.953579     0.020000
    39.637260    22.105998     0.956890     0.020000
    38.247782    21.576514     0.960201     0.020000
    36.727560    20.982762     0.963512     0.020000
    35.057230    20.312284     0.966823     0.020000
    33.213404    19.549183     0.970134     0.020000
    31.167570    18.672839     0.973445     0.020000
    28.884607    17.656026     0.976756     0.020000
    26.320751    16.462027     0.980067     0.020000
    23.420762    15.040108     0.983378     0.020000
    20.113900    13.318120     0.986689     0.020000
    16.308077    11.189872     0.990000     0.020000
    63.079650    29.087214     0.000000     0.050000
    63.063356    29.083042     0.003311     0.050000
    63.046962    29.078843     0.006622     0.050000
    63.030467    29.074617     0.009933     0.050000
    63.013870    29.070365     0.013244     0.050000
    62.997171    29.066085     0.016555     0.050000
    62.980367    29.061777     0.019866     0.050000
    62.963458    29.057441     0.023177     0.050000
    62.946444    29.053077     0.026488     0.050000
    62.929323    29.048685     0.029799     0.050000
    62.912094    29.044264     0.033110     0.050000
    62.894756    29.039814     0.036421     0.050000
    62.877308    29.035335     0.039732     0.050000
    62.859749    29.030826     0.043043     0.050000
    62.842078    29.026287     0.046355     0.050000
    62.824295    29.021718     0.049666     0.050000
    62.806397    29.017118     0.052977     0.050000
    62.788383    29.012488     0.056288     0.050000
    62.770254    29.007826     0.059599     0.050000
    62.752006    29.003134     0.062910     0.050000
    62.733641    28.998409     0.066221     0.050000
    62.715155    28.993652     0.069532     0.050000
    62.696548    28.988863     0.072843     0.050000
    62.677819    28.984041     0.076154     0.050000
    62.658967    28.979186     0.079465     0.050000
    62.639990    28.974298     0.082776     0.050000
    62.620888    28.969376     0.086087     0.050000
    62.601658    28.964420     0.089398     0.050000
    62.582299    28.959429     0.092709     0.050000
    62.562811    28.954404     0.096020     0.050000
    62.543192    28.949343     0.099331     0.050000
    62.523441    28.944247     0.102642     0.050000
    62.503556    28.939115     0.105953     0.050000
    62.483536    28.933947     0.109264     0.050000
    62.463380    28.928741     0.112575     0.050000
    62.443086    28.923499     0.115886     0.050000
    62.422653    28.918220     0.119197     0.050000
    62.402078    28.912902     0.122508     0.050000
    62.381362    28.907546     0.125819     0.050000
    62.360503    28.902151     0.129130     0.050000
    62.339498    28.896718     0.132441     0.050000
    62.318346    28.891244     0.135753     0.050000
    62.297047    28.885731     0.139064     0.050000
    62.275598    28.880177     0.142375     0.050000
    62.253997    28.874583     0.145686     0.050000
    62.232243    28.868947     0.148997     0.050000
    62.210335    28.863269     0.152308     0.050000
    62.188271    28.857549     0.155619     0.050000
    62.166049    28.851786     0.158930     0.050000
    62.143668    28.845980     0.162241     0.050000
    62.121125    28.840130     0.165552     0.050000
    62.098419    28.834236     0.168863     0.050000
    62.075548    28.828298     0.172174     0.050000
    62.052511    28.822314     0.175485     0.050000
    62.029305    28.816284     0.178796     0.050000
    62.005929    28.810208     0.182107     0.050000
    61.982381    28.804086     0.185418     0.050000
    61.958658    28.797916     0.188729     0.050000
    61.934760    28.791698     0.192040     0.050000
    61.910684    28.785431     0.195351     0.050000
    61.886427    28.779116     0.198662     0.050000
    61.861989    28.772751     0.201973     0.050000
    61.837367    28.766336     0.205284     0.050000
    61.812558    28.759870     0.208595     0.050000
    61.787561    28.753352     0.211906     0.050000
    61.762374    28.746783     0.215217     0.050000
    61.736994    28.740161     0.218528     0.050000
    61.711420    28.733486     0.221839     0.050000
    61.685648    28.726757     0.225151     0.050000
    61.659677    28.719973     0.228462     0.050000
    61.633504    28.713134     0.231773     0.050000
    61.607127    28.706239     0.235084     0.050000
    61.580544    28.699288     0.238395     0.050000
    61.553752    28.692279     0.241706     0.050000
    61.526749    28.685212     0.245017     0.050000
    61.499531    28.678087     0.248328     0.050000
    61.472098    28.670902     0.251639     0.050000
    61.444445    28.663657     0.254950     0.050000
    61.416571    28.656351     0.258261     0.050000
    61.388472    28.648983     0.261572     0.050000
    61.360146    28.641552     0.264883     0.050000
    61.331591    28.634059     0.268194     0.050000
    61.302803    28.626501     0.271505     0.050000
    61.273779    28.618878     0.274816     0.050000
    61.244518    28.611189     0.278127     0.050000
    61.215015    28.603434     0.281438     0.050000
    61.185267    28.595611     0.284749     0.050000
    61.155272    28.587720     0.288060     0.050000
    61.125027    28.579759     0.291371     0.050000
    61.094529    28.571729     0.294682     0.050000
    61.063773    28.563627     0.297993     0.050000
    61.032757    28.555452     0.301304     0.050000
    61.001479    28.547205     0.304615     0.050000
    60.969933    28.538884     0.307926     0.050000
    60.938117    28.530487     0.311237     0.050000
    60.906028    28.522015     0.314548     0.050000
    60.873661    28.513465     0.317860     0.050000
    60.841014    28.504837     0.321171     0.050000
    60.808082    28.496130     0.324482     0.050000
    60.774862    28.487343     0.327793     0.050000
    60.741350    28.478474     0.331104     0.050000
    60.707542    28.469522     0.334415     0.050000
    60.673434    28.460487     0.337726     0.050000
    60.639023    28.451366     0.341037     0.050000
    60.604304    28.442160     0.344348     0.050000
    60.569272    28.432866     0.347659     0.050000
    60.533925    28.423483     0.350970     0.050000
    60.498257    28.414010     0.354281     0.050000
    60.462264    28.404447     0.357592     0.050000
    60.425941    28.394790     0.360903     0.050000
    60.389285    28.385040     0.364214     0.050000
    60.352290    28.375194     0.367525     0.050000
    60.314952    28.365252     0.370836     0.050000
    60.277265    28.355212     0.374147     0.050000
    60.239226    28.345072     0.377458     0.050000
    60.200829    28.334831     0.380769     0.050000
    60.162069    28.324487     0.384080     0.050000
    60.122940    28.314039     0.387391     0.050000
    60.083438    28.303486     0.390702     0.050000
    60.043558    28.292825     0.394013     0.050000
    60.003293    28.282055     0.397324     0.050000
    59.962638    28.271175     0.400635     0.050000
    59.921587    28.260182     0.403946     0.050000
    59.880135    28.249075     0.407258     0.050000
    59.838276    28.237852     0.410569     0.050000
    59.796004    28.226512     0.413880     0.050000
    59.753312    28.215051     0.417191     0.050000
    59.710194    28.203470     0.420502     0.050000
    59.666644    28.191765     0.423813     0.050000
    59.622655    28.179934     0.427124     0.050000
    59.578221    28.167976     0.430435     0.050000
    59.533335    28.155889     0.433746     0.050000
    59.487990    28.143670     0.437057     0.050000
    59.442179    28.131317     0.440368     0.050000
    59.395894    28.118828     0.443679     0.050000
    59.349128    28.106201     0.446990     0.050000
    59.301874    28.093433     0.450301     0.050000
    59.254124    28.080522     0.453612     0.050000
    59.205871    28.067466     0.456923     0.050000
    59.157105    28.054263     0.460234     0.050000
    59.107820    28.040909     0.463545     0.050000
    59.058006    28.027401     0.466856     0.050000
    59.007655    28.013739     0.470167     0.050000
    58.956758    27.999918     0.473478     0.050000
    58.905307    27.985936     0.476789     0.050000
    58.853292    27.971790     0.480100     0.050000
    58.800704    27.957478     0.483411     0.050000
    58.747533    27.942996     0.486722     0.050000
    58.693770    27.928341     0.490033     0.050000
    58.639405    27.913510     0.493344     0.050000
    58.584428    27.898500     0.496656     0.050000
    58.528828    27.883307     0.499967     0.050000
    58.472594    27.867929     0.503278     0.050000
    58.415716    27.852362     0.506589     0.050000
    58.358182    27.836603     0.509900     0.050000
    58.299982    27.820647     0.513211     0.050000
    58.241103    27.804491     0.516522     0.050000
    58.181533    27.788132     0.519833     0.050000
    58.121261    27.771565     0.523144     0.050000
    58.060273    27.754787     0.526455     0.050000
    57.998558    27.737793     0.529766     0.050000
    57.936101    27.720579     0.533077     0.050000
    57.872890    27.703141     0.536388     0.050000
    57.808911    27.685475     0.539699     0.050000
    57.744149    27.667576     0.543010     0.050000
    57.678590    27.649439     0.546321     0.050000
    57.612219    27.631060     0.549632     0.050000
    57.545022    27.612434     0.552943     0.050000
    57.476983    27.593555     0.556254     0.050000
    57.408085    27.574419     0.559565     0.050000
    57.338312    27.555020     0.562876     0.050000
    57.267648    27.535352     0.566187     0.050000
    57.196076    27.515411     0.569498     0.050000
    57.123577    27.495191     0.572809     0.050000
    57.050134    27.474685     0.576120     0.050000
    56.975727    27.453887     0.579431     0.050000
    56.900339    27.432792     0.582742     0.050000
    56.823950    27.411392     0.586054     0.050000
    56.746538    27.389681     0.589365     0.050000
    56.668085    27.367653     0.592676     0.050000
    56.588568    27.345300     0.595987     0.050000
    56.507966    27.322614     0.599298     0.050000
    56.426256    27.299590     0.602609     0.050000
    56.343416    27.276218     0.605920     0.050000
    56.259421    27.252491     0.609231     0.050000
    56.174248    27.228401     0.612542     0.050000
    56.087871    27.203940     0.615853     0.050000
    56.000265    27.179098     0.619164     0.050000
    55.911404    27.153867     0.622475     0.050000
    55.821260    27.128237     0.625786     0.050000
    55.729805    27.102200     0.629097     0.050000
    55.637010    27.075745     0.632408     0.050000
    55.542846    27.048861     0.635719     0.050000
    55.447283    27.021540     0.639030     0.050000
    55.350288    26.993769     0.642341     0.050000
    55.251830    26.965539     0.645652     0.050000
    55.151874    26.936836     0.648963     0.050000
    55.050388    26.907649     0.652274     0.050000
    54.947334    26.877967     0.655585     0.050000
    54.842677    26.847775     0.658896     0.050000
    54.736379    26.817061     0.662207     0.050000
    54.628401    26.785812     0.665518     0.050000
    54.518703    26.754013     0.668829     0.050000
    54.407243    26.721649     0.672140     0.050000
    54.293979    26.688705     0.675452     0.050000
    54.178866    26.655166     0.678763     0.050000
    54.061859    26.621016     0.682074     0.050000
    53.942911    26.586236     0.685385     0.050000
    53.821973    26.550811     0.688696     0.050000
    53.698994    26.514721     0.692007     0.050000
    53.573923    26.477948     0.695318     0.050000
    53.446705    26.440473     0.698629     0.050000
    53.317286    26.402274     0.701940     0.050000
    53.185606    26.363331     0.705251     0.050000
    53.051608    26.323622     0.708562     0.050000
    52.915228    26.283124     0.711873     0.050000
    52.776402    26.241813     0.715184     0.050000
    52.635065    26.199665     0.718495     0.050000
    52.491148    26.156653     0.721806     0.050000
    52.344578    26.112752     0.725117     0.050000
    52.195283    26.067933     0.728428     0.050000
    52.043185    26.022166     0.731739     0.050000
    51.888206    25.975423     0.735050     0.050000
    51.730261    25.927670     0.738361     0.050000
    51.569265    25.878875     0.741672     0.050000
    51.405130    25.829004     0.744983     0.050000
    51.237762    25.778021     0.748294     0.050000
    51.067064    25.725887     0.751605     0.050000
    50.892937    25.672563     0.754916     0.050000
    50.715275    25.618009     0.758227     0.050000
    50.533971    25.562182     0.761538     0.050000
    50.348912    25.505035     0.764849     0.050000
    50.159978    25.446522     0.768161     0.050000
    49.967047    25.386593     0.771472     0.050000
    49.769992    25.325197     0.774783     0.050000
    49.568678    25.262278     0.778094     0.050000
    49.362966    25.197779     0.781405     0.050000
    49.152710    25.131640     0.784716     0.050000
    48.937757    25.063798     0.788027     0.050000
    48.717950    24.994186     0.791338     0.050000
    48.493120    24.922734     0.794649     0.050000
    48.263095    24.849367     0.797960     0.050000
    48.027692    24.774008     0.801271     0.050000
    47.786720    24.696575     0.804582     0.050000
    47.539980    24.616981     0.807893     0.050000
    47.287261    24.535133     0.811204     0.050000
    47.028343    24.450936     0.814515     0.050000
    46.762996    24.364286     0.817826     0.050000
    46.490978    24.275074     0.821137     0.050000
    46.212033    24.183186     0.824448     0.050000
    45.925893    24.088498     0.827759     0.050000
    45.632277    23.990882     0.831070     0.050000
    45.330888    23.890198     0.834381     0.050000
    45.021412    23.786301     0.837692     0.050000
    44.703520    23.679034     0.841003     0.050000
    44.376864    23.568229     0.844314     0.050000
    44.041076    23.453710     0.847625     0.050000
    43.695768    23.335286     0.850936     0.050000
    43.340530    23.212754     0.854247     0.050000
    42.974926    23.085897     0.857559     0.050000
    42.598497    22.954481     0.860870     0.050000
    42.210753    22.818256     0.864181     0.050000
    41.811178    22.676954     0.867492     0.050000
    41.399222    22.530284     0.870803     0.050000
    40.974299    22.377936     0.874114     0.050000
    40.535789    22.219573     0.877425     0.050000
    40.083027    22.054831     0.880736     0.050000
    39.615310    21.883318     0.884047     0.050000
    39.131882    21.704607     0.887358     0.050000
    38.631939    21.518235     0.890669     0.050000
    38.114620    21.323699     0.893980     0.050000
    37.579003    21.120450     0.897291     0.050000
    37.024099    20.907890     0.900602     0.050000
    36.448848    20.685364     0.903913     0.050000
    35.852110    20.452154     0.907224     0.050000
    35.232658    20.207471     0.910535     0.050000
    34.589170    19.950448     0.913846     0.050000
    33.920219    19.680127     0.917157     0.050000
    33.224264    19.395449     0.920468     0.050000
    32.499635    19.095239     0.923779     0.050000
    31.744523    18.778189     0.927090     0.050000
    30.956964    18.442843     0.930401     0.050000
    30.134820    18.087568     0.933712     0.050000
    29.275762    17.710535     0.937023     0.050000
    28.377246    17.309682     0.940334     0.050000
    27.436490    16.882677     0.943645     0.050000
    26.450444    16.426875     0.946957     0.050000
    25.415757    15.939261     0.950268     0.050000
    24.328739    15.416384     0.953579     0.050000
    23.185315    14.854276     0.956890     0.050000
    21.980980    14.248349     0.960201     0.050000
    20.710732    13.593272     0.963512     0.050000
    19.369009    12.882812     0.966823     0.050000
    17.949603    12.109634     0.970134     0.050000
    16.445566    11.265052     0.973445     0.050000
    14.849096    10.338693     0.976756     0.050000
    13.151403     9.318078     0.980067     0.050000
    11.342545     8.188048     0.983378     0.050000
     9.411233     6.930012     0.986689     0.050000
     7.344597     5.520913     0.990000     0.050000
    55.447019    26.415584     0.000000     0.100000
    55.420448    26.408320     0.003311     0.100000
    55.393726    26.401013     0.006622     0.100000
    55.366851    26.393661     0.009933     0.100000
    55.339822    26.386263     0.013244     0.100000
    55.312638    26.378820     0.016555     0.100000
    55.285297    26.371330     0.019866     0.100000
    55.257798    26.363795     0.023177     0.100000
    55.230140    26.356212     0.026488     0.100000
    55.202321    26.348582     0.029799     0.100000
    55.174339    26.340904     0.033110     0.100000
    55.146194    26.333178     0.036421     0.100000
    55.117884    26.325404     0.039732     0.100000
    55.089408    26.317580     0.043043     0.100000
    55.060763    26.309706     0.046355     0.100000
    55.031949    26.301783     0.049666     0.100000
    55.002964    26.293808     0.052977     0.100000
    54.973807    26.285783     0.056288     0.100000
    54.944475    26.277706     0.059599     0.100000
    54.914968    26.269577     0.062910     0.100000
    54.885283    26.261396     0.066221     0.100000
    54.855420    26.253161     0.069532     0.100000
    54.825377    26.244873     0.072843     0.100000
    54.795151    26.236531     0.076154     0.100000
    54.764741    26.228134     0.079465     0.100000
    54.734146    26.219682     0.082776     0.100000
    54.703365    26.211174     0.086087     0.100000
    54.672394    26.202610     0.089398     0.100000
    54.641232    26.193989     0.092709     0.100000
    54.609879    26.185311     0.096020     0.100000
    54.578331    26.176574     0.099331     0.100000
    54.546587    26.167779     0.102642     0.100000
    54.514645    26.158925     0.105953     0.100000
    54.482504    26.150011     0.109264     0.100000
    54.450162    26.141037     0.112575     0.100000
    54.417616    26.132002     0.115886     0.100000
    54.384864    26.122905     0.119197     0.100000
    54.351906    26.113746     0.122508     0.100000
    54.318738    26.104524     0.125819     0.100000
    54.285358    26.095238     0.129130     0.100000
    54.251766    26.085889     0.132441     0.100000
    54.217958    26.076474     0.135753     0.100000
    54.183933    26.066994     0.139064     0.100000
    54.149689    26.057448     0.142375     0.100000
    54.115222    26.047834     0.145686     0.100000
    54.080532    26.038153     0.148997     0.100000
    54.045616    26.028404     0.152308     0.100000
    54.010472    26.018586     0.155619     0.100000
    53.975097    26.008698     0.158930     0.100000
    53.939490    25.998739     0.162241     0.100000
    53.903648    25.988709     0.165552     0.100000
    53.867568    25.978607     0.168863     0.100000
    53.831249    25.968432     0.172174     0.100000
    53.794687    25.958183     0.175485     0.100000
    53.757881    25.947860     0.178796     0.100000
    53.720828    25.937462     0.182107     0.100000
    53.683525    25.926987     0.185418     0.100000
    53.645971    25.916436     0.188729     0.100000
    53.608161    25.905807     0.192040     0.100000
    53.570095    25.895099     0.195351     0.100000
    53.531769    25.884311     0.198662     0.100000
    53.493180    25.873444     0.201973     0.100000
    53.454326    25.862495     0.205284     0.100000
    53.415205    25.851463     0.208595     0.100000
    53.375812    25.840349     0.211906     0.100000
    53.336146    25.829150     0.215217     0.100000
    53.296204    25.817867     0.218528     0.100000
    53.255982    25.806497     0.221839     0.100000
    53.215478    25.795040     0.225151     0.100000
    53.174689    25.783495     0.228462     0.100000
    53.133611    25.771861     0.231773     0.100000
    53.092242    25.760138     0.235084     0.100000
    53.050579    25.748323     0.238395     0.100000
    53.008619    25.736415     0.241706     0.100000
    52.966357    25.724415     0.245017     0.100000
    52.923792    25.712320     0.248328     0.100000
    52.880919    25.700129     0.251639     0.100000
    52.837735    25.687842     0.254950     0.100000
    52.794238    25.675458     0.258261     0.100000
    52.750423    25.662974     0.261572     0.100000
    52.706287    25.650390     0.264883     0.100000
    52.661827    25.637704     0.268194     0.100000
    52.617038    25.624916     0.271505     0.100000
    52.571918    25.612025     0.274816     0.100000
    52.526462    25.599028     0.278127     0.100000
    52.480667    25.585924     0.281438     0.100000
    52.434530    25.572713     0.284749     0.100000
    52.388045    25.559393     0.288060     0.100000
    52.341209    25.545963     0.291371     0.100000
    52.294019    25.532421     0.294682     0.100000
    52.246470    25.518765     0.297993     0.100000
    52.198558    25.504995     0.301304     0.100000
    52.150279    25.491109     0.304615     0.100000
    52.101628    25.477105     0.307926     0.100000
    52.052602    25.462983     0.311237     0.100000
    52.003196    25.448739     0.314548     0.100000
    51.953405    25.434374     0.317860     0.100000
    51.903225    25.419885     0.321171     0.100000
    51.852652    25.405271     0.324482     0.100000
    51.801681    25.390529     0.327793     0.100000
    51.750307    25.375659     0.331104     0.100000
    51.698525    25.360659     0.334415     0.100000
    51.646331    25.345527     0.337726     0.100000
    51.593719    25.330261     0.341037     0.100000
    51.540684    25.314860     0.344348     0.100000
    51.487222    25.299321     0.347659     0.100000
    51.433327    25.283643     0.350970     0.100000
    51.378994    25.267824     0.354281     0.100000
    51.324217    25.251862     0.357592     0.100000
    51.268992    25.235756     0.360903     0.100000
    51.213312    25.219502     0.364214     0.100000
    51.157171    25.203099     0.367525     0.100000
    51.100565    25.186546     0.370836     0.100000
    51.043488    25.169839     0.374147     0.100000
    50.985932    25.152977     0.377458     0.100000
    50.927893    25.135958     0.380769     0.100000
    50.869365    25.118779     0.384080     0.100000
    50.810340    25.101438     0.387391     0.100000
    50.750813    25.083933     0.390702     0.100000
    50.690778    25.066262     0.394013     0.100000
    50.630227    25.048421     0.397324     0.100000
    50.569154    25.030410     0.400635     0.100000
    50.507553    25.012225     0.403946     0.100000
    50.445416    24.993863     0.407258     0.100000
    50.382736    24.975322     0.410569     0.100000
    50.319506    24.956600     0.413880     0.100000
    50.255720    24.937694     0.417191     0.100000
    50.191369    24.918601     0.420502     0.100000
    50.126446    24.899318     0.423813     0.100000
    50.060944    24.879843     0.427124     0.100000
    49.994854    24.860172     0.430435     0.100000
    49.928168    24.840303     0.433746     0.100000
    49.860880    24.820232     0.437057     0.100000
    49.792979    24.799957     0.440368     0.100000
    49.724459    24.779474     0.443679     0.100000
    49.655310    24.758780     0.446990     0.100000
    49.585524    24.737872     0.450301     0.100000
    49.515092    24.716747     0.453612     0.100000
    49.444004    24.695401     0.456923     0.100000
    49.372253    24.673830     0.460234     0.100000
    49.299828    24.652032     0.463545     0.100000
    49.226719    24.630002     0.466856     0.100000
    49.152918    24.607737     0.470167     0.100000
    49.078414    24.585232     0.473478     0.100000
    49.003197    24.562485     0.476789     0.100000
    48.927256    24.539491     0.480100     0.100000
    48.850583    24.516246     0.483411     0.100000
    48.773165    24.492746     0.486722     0.100000
    48.694991    24.468987     0.490033     0.100000
    48.616052    24.444964     0.493344     0.100000
    48.536334    24.420673     0.496656     0.100000
    48.455828    24.396110     0.499967     0.100000
    48.374520    24.371270     0.503278     0.100000
    48.292400    24.346147     0.506589     0.100000
    48.209454    24.320739     0.509900     0.100000
    48.125671    24.295038     0.513211     0.100000
    48.041037    24.269041     0.516522     0.100000
    47.955540    24.242742     0.519833     0.100000
    47.869166    24.216136     0.523144     0.100000
    47.781901    24.189218     0.526455     0.100000
    47.693732    24.161981     0.529766     0.100000
    47.604646    24.134421     0.533077     0.100000
    47.514626    24.106532     0.536388     0.100000
    47.423659    24.078307     0.539699     0.100000
    47.331729    24.049740     0.543010     0.100000
    47.238822    24.020826     0.546321     0.100000
    47.144920    23.991557     0.549632     0.100000
    47.050010    23.961928     0.552943     0.100000
    46.954073    23.931932     0.556254     0.100000
    46.857094    23.901561     0.559565     0.100000
    46.759055    23.870809     0.562876     0.100000
    46.659939    23.839668     0.566187     0.100000
    46.559728    23.808131     0.569498     0.100000
    46.458404    23.776191     0.572809     0.100000
    46.355947    23.743839     0.576120     0.100000
    46.252340    23.711068     0.579431     0.100000
    46.147562    23.677869     0.582742     0.100000
    46.041593    23.644235     0.586054     0.100000
    45.934414    23.610155     0.589365     0.100000
    45.826003    23.575623     0.592676     0.100000
    45.716338    23.540627     0.595987     0.100000
    45.605399    23.505160     0.599298     0.100000
    45.493162    23.469211     0.602609     0.100000
    45.379605    23.432770     0.605920     0.100000
    45.264705    23.395828     0.609231     0.100000
    45.148437    23.358374     0.612542     0.100000
    45.030776    23.320397     0.615853     0.100000
    44.911698    23.281886     0.619164     0.100000
    44.791177    23.242830     0.622475     0.100000
    44.669187    23.203217     0.625786     0.100000
    44.545699    23.163036     0.629097     0.100000
    44.420688    23.122273     0.632408     0.100000
    44.294124    23.080916     0.635719     0.100000
    44.165978    23.038953     0.639030     0.100000
    44.036220    22.996369     0.642341     0.100000
    43.904820    22.953151     0.645652     0.100000
    43.771747    22.909285     0.648963     0.100000
    43.636968    22.864755     0.652274     0.100000
    43.500449    22.819547     0.655585     0.100000
    43.362159    22.773645     0.658896     0.100000
    43.222060    22.727033     0.662207     0.100000
    43.080119    22.679694     0.665518     0.100000
    42.936298    22.631612     0.668829     0.100000
    42.790560    22.582768     0.672140     0.100000
    42.642865    22.533144     0.675452     0.100000
    42.493176    22.482721     0.678763     0.100000
    42.341450    22.431481     0.682074     0.100000
    42.187645    22.379403     0.685385     0.100000
    42.031720    22.326466     0.688696     0.100000
    41.873630    22.272649     0.692007     0.100000
    41.713329    22.217929     0.695318     0.100000
    41.550770    22.162284     0.698629     0.100000
    41.385906    22.105691     0.701940     0.100000
    41.218687    22.048124     0.705251     0.100000
    41.049063    21.989558     0.708562     0.100000
    40.876981    21.929968     0.711873     0.100000
    40.702387    21.869325     0.715184     0.100000
    40.525226    21.807602     0.718495     0.100000
    40.345441    21.744770     0.721806     0.100000
    40.162973    21.680799     0.725117     0.100000
    39.977761    21.615657     0.728428     0.100000
    39.789744    21.549312     0.731739     0.100000
    39.598857    21.481730     0.735050     0.100000
    39.405034    21.412876     0.738361     0.100000
    39.208206    21.342715     0.741672     0.100000
    39.008304    21.271208     0.744983     0.100000
    38.805254    21.198316     0.748294     0.100000
    38.598981    21.123999     0.751605     0.100000
    38.389409    21.048215     0.754916     0.100000
    38.176457    20.970919     0.758227     0.100000
    37.960044    20.892066     0.761538     0.100000
    37.740083    20.811609     0.764849     0.100000
    37.516488    20.729498     0.768161     0.100000
    37.289166    20.645681     0.771472     0.100000
    37.058025    20.560105     0.774783     0.100000
    36.822967    20.472713     0.778094     0.100000
    36.583892    20.383448     0.781405     0.100000
    36.340695    20.292249     0.784716     0.100000
    36.093270    20.199052     0.788027     0.100000
    35.841505    20.103790     0.791338     0.100000
    35.585285    20.006394     0.794649     0.100000
    35.324491    19.906792     0.797960     0.100000
    35.058999    19.804908     0.801271     0.100000
    34.788680    19.700662     0.804582     0.100000
    34.513403    19.593971     0.807893     0.100000
    34.233029    19.484749     0.811204     0.100000
    33.947416    19.372905     0.814515     0.100000
    33.656415    19.258342     0.817826     0.100000
    33.359873    19.140960     0.821137     0.100000
    33.057629    19.020654     0.824448     0.100000
    32.749518    18.897313     0.827759     0.100000
    32.435366    18.770822     0.831070     0.100000
    32.114996    18.641057     0.834381     0.100000
    31.788219    18.507890     0.837692     0.100000
    31.454843    18.371186     0.841003     0.100000
    31.114665    18.230801     0.844314     0.100000
    30.767474    18.086585     0.847625     0.100000
    30.413052    17.938379     0.850936     0.100000
    30.051171    17.786015     0.854247     0.100000
    29.681592    17.629316     0.857559     0.100000
    29.304067    17.468093     0.860870     0.100000
    28.918337    17.302149     0.864181     0.100000
    28.524132    17.131272     0.867492     0.100000
    28.121169    16.955239     0.870803     0.100000
    27.709154    16.773814     0.874114     0.100000
    27.287777    16.586745     0.877425     0.100000
    26.856716    16.393764     0.880736     0.100000
    26.415633    16.194586     0.884047     0.100000
    25.964174    15.988909     0.887358     0.100000
    25.501970    15.776409     0.890669     0.100000
    25.028631    15.556739     0.893980     0.100000
    24.543751    15.329533     0.897291     0.100000
    24.046903    15.094394     0.900602     0.100000
    23.537636    14.850901     0.903913     0.100000
    23.015481    14.598599     0.907224     0.100000
    22.479942    14.337002     0.910535     0.100000
    21.930497    14.065587     0.913846     0.100000
    21.366597    13.783790     0.917157     0.100000
    20.787665    13.491004     0.920468     0.100000
    20.193092    13.186573     0.923779     0.100000
    19.582234    12.869789     0.927090     0.100000
    18.954414    12.539885     0.930401     0.100000
    18.308914    12.196027     0.933712     0.100000
    17.644978    11.837312     0.937023     0.100000
    16.961805    11.462755     0.940334     0.100000
    16.258545    11.071283     0.943645     0.100000
    15.534300    10.661724     0.946957     0.100000
    14.788116    10.232794     0.950268     0.100000
    14.018982     9.783087     0.953579     0.100000
    13.225821     9.311055     0.956890     0.100000
    12.407490     8.814993     0.960201     0.100000
    11.562772     8.293018     0.963512     0.100000
    10.690369     7.743046     0.966823     0.100000
     9.788898     7.162761     0.970134     0.100000
     8.856882     6.549588     0.973445     0.100000
     7.892740     5.900647     0.976756     0.100000
     6.894783     5.212716     0.980067     0.100000
     5.861200     4.482171     0.983378     0.100000
     4.790049     3.704927     0.986689     0.100000
     3.679244     2.876355     0.990000     0.100000
    48.842040    23.956351     0.000000     0.150000
    48.809302    23.946865     0.003311     0.150000
    48.776390    23.937322     0.006622     0.150000
    48.743302    23.927724     0.009933     0.150000
    48.710038    23.918069     0.013244     0.150000
    48.676596    23.908357     0.016555     0.150000
    48.642974    23.898587     0.019866     0.150000
    48.609171    23.888759     0.023177     0.150000
    48.575186    23.878872     0.026488     0.150000
    48.541017    23.868926     0.029799     0.150000
    48.506662    23.858921     0.033110     0.150000
    48.472120    23.848855     0.036421     0.150000
    48.437390    23.838728     0.039732     0.150000
    48.402470    23.828540     0.043043     0.150000
    48.367358    23.818290     0.046355     0.150000
    48.332053    23.807977     0.049666     0.150000
    48.296553    23.797601     0.052977     0.150000
    48.260857    23.787162     0.056288     0.150000
    48.224963    23.776658     0.059599     0.150000
    48.188869    23.766090     0.062910     0.150000
    48.152574    23.755456     0.066221     0.150000
    48.116076    23.744756     0.069532     0.150000
    48.079373    23.733989     0.072843     0.150000
    48.042463    23.723155     0.076154     0.150000
    48.005345    23.712253     0.079465     0.150000
    47.968018    23.701282     0.082776     0.150000
    47.930478    23.690243     0.086087     0.150000
    47.892725    23.679133     0.089398     0.150000
    47.854756    23.667953     0.092709     0.150000
    47.816570    23.656701     0.096020     0.150000
    47.778166    23.645378     0.099331     0.150000
    47.739540    23.633982     0.102642     0.150000
    47.700691    23.622513     0.105953     0.150000
    47.661617    23.610969     0.109264     0.150000
    47.622316    23.599351     0.112575     0.150000
    47.582787    23.587658     0.115886     0.150000
    47.543026    23.575888     0.119197     0.150000
    47.503033    23.564041     0.122508     0.150000
    47.462805    23.552117     0.125819     0.150000
    47.422340    23.540114     0.129130     0.150000
    47.381636    23.528032     0.132441     0.150000
    47.340690    23.515870     0.135753     0.150000
    47.299502    23.503627     0.139064     0.150000
    47.258068    23.491302     0.142375     0.150000
    47.216386    23.478895     0.145686     0.150000
    47.174454    23.466405     0.148997     0.150000
    47.132269    23.453831     0.152308     0.150000
    47.089831    23.441171     0.155619     0.150000
    47.047135    23.428426     0.158930     0.150000
    47.004181    23.415594     0.162241     0.150000
    46.960965    23.402674     0.165552     0.150000
    46.917485    23.389666     0.168863     0.150000
    46.873738    23.376568     0.172174     0.150000
    46.829723    23.363380     0.175485     0.150000
    46.785437    23.350101     0.178796     0.150000
    46.740876    23.336730     0.182107     0.150000
    46.696040    23.323265     0.185418     0.150000
    46.650924    23.309706     0.188729     0.150000
    46.605527    23.296052     0.192040     0.150000
    46.559846    23.282302     0.195351     0.150000
    46.513878    23.268455     0.198662     0.150000
    46.467621    23.254509     0.201973     0.150000
    46.421071    23.240464     0.205284     0.150000
    46.374226    23.226319     0.208595     0.150000
    46.327083    23.212072     0.211906     0.150000
    46.279639    23.197723     0.215217     0.150000
    46.231892    23.183270     0.218528     0.150000
    46.183838    23.168712     0.221839     0.150000
    46.135475    23.154048     0.225151     0.150000
    46.086799    23.139278     0.228462     0.150000
    46.037808    23.124399     0.231773     0.150000
    45.988498    23.109411     0.235084     0.150000
    45.938866    23.094312     0.238395     0.150000
    45.888909    23.079101     0.241706     0.150000
    45.838624    23.063777     0.245017     0.150000
    45.788008    23.048339     0.248328     0.150000
    45.737057    23.032785     0.251639     0.150000
    45.685768    23.017114     0.254950     0.150000
    45.634138    23.001324     0.258261     0.150000
    45.582163    22.985415     0.261572     0.150000
    45.529840    22.969385     0.264883     0.150000
    45.477165    22.953233     0.268194     0.150000
    45.424135    22.936957     0.271505     0.150000
    45.370746    22.920555     0.274816     0.150000
    45.316994    22.904027     0.278127     0.150000
    45.262876    22.887371     0.281438     0.150000
    45.208388    22.870585     0.284749     0.150000
    45.153526    22.853668     0.288060     0.150000
    45.098287    22.836618     0.291371     0.150000
    45.042666    22.819434     0.294682     0.150000
    44.986659    22.802114     0.297993     0.150000
    44.930263    22.784656     0.301304     0.150000
    44.873473    22.767059     0.304615     0.150000
    44.816285    22.749322     0.307926     0.150000
    44.758695    22.731442     0.311237     0.150000
    44.700699    22.713417     0.314548     0.150000
    44.642292    22.695247     0.317860     0.150000
    44.583470    22.676929     0.321171     0.150000
    44.524229    22.658461     0.324482     0.150000
    44.464564    22.639842     0.327793     0.150000
    44.404471    22.621070     0.331104     0.150000
    44.343944    22.602142     0.334415     0.150000
    44.282980    22.583058     0.337726     0.150000
    44.221573    22.563814     0.341037     0.150000
    44.159719    22.544409     0.344348     0.150000
    44.097412    22.524841     0.347659     0.150000
    44.034648    22.505108     0.350970     0.150000
    43.971422    22.485207     0.354281     0.150000
    43.907728    22.465138     0.357592     0.150000
    43.843562    22.444896     0.360903     0.150000
    43.778917    22.424481     0.364214     0.150000
    43.713790    22.403889     0.367525     0.150000
    43.648173    22.383120     0.370836     0.150000
    43.582063    22.362169     0.374147     0.150000
    43.515452    22.341036     0.377458     0.150000
    43.448336    22.319717     0.380769     0.150000
    43.380709    22.298210     0.384080     0.150000
    43.312564    22.276513     0.387391     0.150000
    43.243896    22.254623     0.390702     0.150000
    43.174699    22.232538     0.394013     0.150000
    43.104966    22.210254     0.397324     0.150000
    43.034692    22.187769     0.400635     0.150000
    42.963870    22.165081     0.403946     0.150000
    42.892494    22.142187     0.407258     0.150000
    42.820557    22.119083     0.410569     0.150000
    42.748052    22.095767     0.413880     0.150000
    42.674973    22.072237     0.417191     0.150000
    42.601313    22.048488     0.420502     0.150000
    42.527064    22.024519     0.423813     0.150000
    42.452221    22.000325     0.427124     0.150000
    42.376775    21.975904     0.430435     0.150000
    42.300720    21.951252     0.433746     0.150000
    42.224047    21.926367     0.437057     0.150000
    42.146750    21.901245     0.440368     0.150000
    42.068820    21.875882     0.443679     0.150000
    41.990251    21.850276     0.446990     0.150000
    41.911033    21.824421     0.450301     0.150000
    41.831160    21.798316     0.453612     0.150000
    41.750622    21.771956     0.456923     0.150000
    41.669412    21.745337     0.460234     0.150000
    41.587521    21.718456     0.463545     0.150000
    41.504940    21.691309     0.466856     0.150000
    41.421661    21.663891     0.470167     0.150000
    41.337674    21.636199     0.473478     0.150000
    41.252971    21.608229     0.476789     0.150000
    41.167543    21.579976     0.480100     0.150000
    41.081380    21.551437     0.483411     0.150000
    40.994473    21.522605     0.486722     0.150000
    40.906811    21.493478     0.490033     0.150000
    40.818386    21.464051     0.493344     0.150000
    40.729187    21.434318     0.496656     0.150000
    40.639203    21.404276     0.499967     0.150000
    40.548425    21.373919     0.503278     0.150000
    40.456842    21.343242     0.506589     0.150000
    40.364443    21.312241     0.509900     0.150000
    40.271217    21.280909     0.513211     0.150000
    40.177153    21.249243     0.516522     0.150000
    40.082240    21.217235     0.519833     0.150000
    39.986466    21.184882     0.523144     0.150000
    39.889819    21.152177     0.526455     0.150000
    39.792288    21.119114     0.529766     0.150000
    39.693860    21.085687     0.533077     0.150000
    39.594523    21.051891     0.536388     0.150000
    39.494264    21.017720     0.539699     0.150000
    39.393070    20.983166     0.543010     0.150000
    39.290928    20.948224     0.546321     0.150000
    39.187825    20.912887     0.549632     0.150000
    39.083746    20.877148     0.552943     0.150000
    38.978679    20.841001     0.556254     0.150000
    38.872609    20.804438     0.559565     0.150000
    38.765522    20.767452     0.562876     0.150000
    38.657402    20.730036     0.566187     0.150000
    38.548236    20.692182     0.569498     0.150000
    38.438006    20.653882     0.572809     0.150000
    38.326699    20.615129     0.576120     0.150000
    38.214298    20.575914     0.579431     0.150000
    38.100787    20.536230     0.582742     0.150000
    37.986149    20.496067     0.586054     0.150000
    37.870368    20.455417     0.589365     0.150000
    37.753426    20.414271     0.592676     0.150000
    37.635306    20.372620     0.595987     0.150000
    37.515989    20.330454     0.599298     0.150000
    37.395459    20.287765     0.602609     0.150000
    37.273695    20.244541     0.605920     0.150000
    37.150679    20.200774     0.609231     0.150000
    37.026392    20.156452     0.612542     0.150000
    36.900813    20.111566     0.615853     0.150000
    36.773923    20.066103     0.619164     0.150000
    36.645701    20.020054     0.622475     0.150000
    36.516126    19.973406     0.625786     0.150000
    36.385176    19.926148     0.629097     0.150000
    36.252829    19.878269     0.632408     0.150000
    36.119063    19.829754     0.635719     0.150000
    35.983855    19.780592     0.639030     0.150000
    35.847181    19.730771     0.642341     0.150000
    35.709017    19.680275     0.645652     0.150000
    35.569340    19.629092     0.648963     0.150000
    35.428123    19.577208     0.652274     0.150000
    35.285342    19.524607     0.655585     0.150000
    35.140969    19.471276     0.658896     0.150000
    34.994980    19.417198     0.662207     0.150000
    34.847345    19.362358     0.665518     0.150000
    34.698038    19.306740     0.668829     0.150000
    34.547029    19.250326     0.672140     0.150000
    34.394289    19.193101     0.675452     0.150000
    34.239788    19.135046     0.678763     0.150000
    34.083497    19.076142     0.682074     0.150000
    33.925383    19.016372     0.685385     0.150000
    33.765414    18.955716     0.688696     0.150000
    33.603558    18.894154     0.692007     0.150000
    33.439780    18.831666     0.695318     0.150000
    33.274047    18.768231     0.698629     0.150000
    33.106324    18.703826     0.701940     0.150000
    32.936573    18.638430     0.705251     0.150000
    32.764759    18.572019     0.708562     0.150000
    32.590843    18.504570     0.711873     0.150000
    32.414787    18.436058     0.715184     0.150000
    32.236551    18.366458     0.718495     0.150000
    32.056093    18.295744     0.721806     0.150000
    31.873373    18.223888     0.725117     0.150000
    31.688347    18.150863     0.728428     0.150000
    31.500972    18.076640     0.731739     0.150000
    31.311203    18.001190     0.735050     0.150000
    31.118992    17.924481     0.738361     0.150000
    30.924294    17.846482     0.741672     0.150000
    30.727059    17.767160     0.744983     0.150000
    30.527237    17.686482     0.748294     0.150000
    30.324778    17.604411     0.751605     0.150000
    30.119628    17.520912     0.754916     0.150000
    29.911734    17.435947     0.758227     0.150000
    29.701040    17.349477     0.761538     0.150000
    29.487489    17.261462     0.764849     0.150000
    29.271023    17.171860     0.768161     0.150000
    29.051581    17.080628     0.771472     0.150000
    28.829103    16.987720     0.774783     0.150000
    28.603523    16.893090     0.778094     0.150000
    28.374778    16.796691     0.781405     0.150000
    28.142800    16.698471     0.784716     0.150000
    27.907520    16.598379     0.788027     0.150000
    27.668866    16.496360     0.791338     0.150000
    27.426767    16.392359     0.794649     0.150000
    27.181146    16.286317     0.797960     0.150000
    26.931927    16.178174     0.801271     0.150000
    26.679029    16.067866     0.804582     0.150000
    26.422371    15.955327     0.807893     0.150000
    26.161867    15.840490     0.811204     0.150000
    25.897432    15.723283     0.814515     0.150000
    25.628975    15.603633     0.817826     0.150000
    25.356404    15.481461     0.821137     0.150000
    25.079624    15.356688     0.824448     0.150000
    24.798536    15.229229     0.827759     0.150000
    24.513039    15.098996     0.831070     0.150000
    24.223028    14.965899     0.834381     0.150000
    23.928396    14.829841     0.837692     0.150000
    23.629031    14.690724     0.841003     0.150000
    23.324818    14.548441     0.844314     0.150000
    23.015639    14.402884     0.847625     0.150000
    22.701370    14.253940     0.850936     0.150000
    22.381886    14.101487     0.854247     0.150000
    22.057055    13.945401     0.857559     0.150000
    21.726742    13.785550     0.860870     0.150000
    21.390806    13.621797     0.864181     0.150000
    21.049104    13.453996     0.867492     0.150000
    20.701485    13.281996     0.870803     0.150000
    20.347794    13.105637     0.874114     0.150000
    19.987872    12.924751     0.877425     0.150000
    19.621550    12.739162     0.880736     0.150000
    19.248659    12.548683     0.884047     0.150000
    18.869019    12.353120     0.887358     0.150000
    18.482444    12.152265     0.890669     0.150000
    18.088745    11.945902     0.893980     0.150000
    17.687721    11.733799     0.897291     0.150000
    17.279166    11.515715     0.900602     0.150000
    16.862867    11.291393     0.903913     0.150000
    16.438601    11.060561     0.907224     0.150000
    16.006137    10.822932     0.910535     0.150000
    15.565235    10.578200     0.913846     0.150000
    15.115645    10.326044     0.917157     0.150000
    14.657109    10.066118     0.920468     0.150000
    14.189357     9.798060     0.923779     0.150000
    13.712108     9.521481     0.927090     0.150000
    13.225069     9.235969     0.930401     0.150000
    12.727937     8.941083     0.933712     0.150000
    12.220395     8.636354     0.937023     0.150000
    11.702111     8.321281     0.940334     0.150000
    11.172742     7.995328     0.943645     0.150000
    10.631927     7.657921     0.946957     0.150000
    10.079292     7.308447     0.950268     0.150000
     9.514445     6.946246     0.953579     0.150000
     8.936977     6.570610     0.956890     0.150000
     8.346459     6.180777     0.960201     0.150000
     7.742444     5.775926     0.963512     0.150000
     7.124464     5.355174     0.966823     0.150000
     6.492030     4.917564     0.970134     0.150000
     5.844628     4.462063     0.973445     0.150000
     5.181720     3.987550     0.976756     0.150000
     4.502742     3.492810     0.980067     0.150000
     3.807104     2.976521     0.983378     0.150000
     3.094184     2.437243     0.986689     0.150000
     2.363330     1.873406     0.990000     0.150000
    43.070260    21.685156     0.000000     0.200000
    43.034202    21.674146     0.003311     0.200000
    42.997965    21.663073     0.006622     0.200000
    42.961546    21.651937     0.009933     0.200000
    42.924946    21.640739     0.013244     0.200000
    42.888162    21.629477     0.016555     0.200000
    42.851193    21.618150     0.019866     0.200000
    42.814038    21.606759     0.023177     0.200000
    42.776696    21.595302     0.026488     0.200000
    42.739164    21.583779     0.029799     0.200000
    42.701442    21.572190     0.033110     0.200000
    42.663528    21.560534     0.036421     0.200000
    42.625420    21.548810     0.039732     0.200000
    42.587117    21.537018     0.043043     0.200000
    42.548618    21.525157     0.046355     0.200000
    42.509921    21.513226     0.049666     0.200000
    42.471025    21.501226     0.052977     0.200000
    42.431927    21.489155     0.056288     0.200000
    42.392627    21.477012     0.059599     0.200000
    42.353123    21.464798     0.062910     0.200000
    42.313413    21.452511     0.066221     0.200000
    42.273496    21.440150     0.069532     0.200000
    42.233369    21.427716     0.072843     0.200000
    42.193032    21.415208     0.076154     0.200000
    42.152483    21.402624     0.079465     0.200000
    42.111720    21.389964     0.082776     0.200000
    42.070741    21.377227     0.086087     0.200000
    42.029544    21.364414     0.089398     0.200000
    41.988129    21.351522     0.092709     0.200000
    41.946492    21.338551     0.096020     0.200000
    41.904633    21.325501     0.099331     0.200000
    41.862550    21.312371     0.102642     0.200000
    41.820240    21.299160     0.105953     0.200000
    41.777702    21.285868     0.109264     0.200000
    41.734934    21.272493     0.112575     0.200000
    41.691935    21.259034     0.115886     0.200000
    41.648701    21.245492     0.119197     0.200000
    41.605232    21.231865     0.122508     0.200000
    41.561526    21.218152     0.125819     0.200000
    41.517580    21.204354     0.129130     0.200000
    41.473392    21.190467     0.132441     0.200000
    41.428962    21.176493     0.135753     0.200000
    41.384285    21.162430     0.139064     0.200000
    41.339361    21.148278     0.142375     0.200000
    41.294188    21.134034     0.145686     0.200000
    41.248762    21.119700     0.148997     0.200000
    41.203083    21.105273     0.152308     0.200000
    41.157149    21.090753     0.155619     0.200000
    41.110956    21.076138     0.158930     0.200000
    41.064502    21.061429     0.162241     0.200000
    41.017787    21.046624     0.165552     0.200000
    40.970806    21.031721     0.168863     0.200000
    40.923559    21.016721     0.172174     0.200000
    40.876042    21.001622     0.175485     0.200000
    40.828254    20.986424     0.178796     0.200000
    40.780192    20.971124     0.182107     0.200000
    40.731854    20.955723     0.185418     0.200000
    40.683237    20.940219     0.188729     0.200000
    40.634340    20.924611     0.192040     0.200000
    40.585158    20.908898     0.195351     0.200000
    40.535691    20.893079     0.198662     0.200000
    40.485935    20.877153     0.201973     0.200000
    40.435889    20.861119     0.205284     0.200000
    40.385548    20.844975     0.208595     0.200000
    40.334912    20.828721     0.211906     0.200000
    40.283977    20.812356     0.215217     0.200000
    40.232740    20.795878     0.218528     0.200000
    40.181200    20.779287     0.221839     0.200000
    40.129352    20.762580     0.225151     0.200000
    40.077196    20.745757     0.228462     0.200000
    40.024726    20.728817     0.231773     0.200000
    39.971942    20.711758     0.235084     0.200000
    39.918839    20.694579     0.238395     0.200000
    39.865416    20.677279     0.241706     0.200000
    39.811669    20.659857     0.245017     0.200000
    39.757595    20.642310     0.248328     0.200000
    39.703192    20.624639     0.251639     0.200000
    39.648455    20.606841     0.254950     0.200000
    39.593383    20.588916     0.258261     0.200000
    39.537972    20.570861     0.261572     0.200000
    39.482219    20.552676     0.264883     0.200000
    39.426121    20.534358     0.268194     0.200000
    39.369674    20.515908     0.271505     0.200000
    39.312875    20.497322     0.274816     0.200000
    39.255722    20.478600     0.278127     0.200000
    39.198210    20.459740     0.281438     0.200000
    39.140336    20.440741     0.284749     0.200000
    39.082098    20.421601     0.288060     0.200000
    39.023490    20.402318     0.291371     0.200000
    38.964511    20.382891     0.294682     0.200000
    38.905156    20.363318     0.297993     0.200000
    38.845421    20.343598     0.301304     0.200000
    38.785304    20.323729     0.304615     0.200000
    38.724800    20.303709     0.307926     0.200000
    38.663906    20.283536     0.311237     0.200000
    38.602617    20.263209     0.314548     0.200000
    38.540931    20.242727     0.317860     0.200000
    38.478842    20.222086     0.321171     0.200000
    38.416348    20.201286     0.324482     0.200000
    38.353444    20.180324     0.327793     0.200000
    38.290126    20.159199     0.331104     0.200000
    38.226390    20.137908     0.334415     0.200000
    38.162232    20.116450     0.337726     0.200000
    38.097648    20.094823     0.341037     0.200000
    38.032633    20.073025     0.344348     0.200000
    37.967183    20.051053     0.347659     0.200000
    37.901294    20.028906     0.350970     0.200000
    37.834961    20.006581     0.354281     0.200000
    37.768180    19.984077     0.357592     0.200000
    37.700947    19.961391     0.360903     0.200000
    37.633255    19.938521     0.364214     0.200000
    37.565102    19.915465     0.367525     0.200000
    37.496482    19.892220     0.370836     0.200000
    37.427390    19.868784     0.374147     0.200000
    37.357822    19.845155     0.377458     0.200000
    37.287773    19.821331     0.380769     0.200000
    37.217236    19.797308     0.384080     0.200000
    37.146209    19.773084     0.387391     0.200000
    37.074684    19.748658     0.390702     0.200000
    37.002658    19.724026     0.394013     0.200000
    36.930124    19.699186     0.397324     0.200000
    36.857078    19.674134     0.400635     0.200000
    36.783514    19.648870     0.403946     0.200000
    36.709426    19.623388     0.407258     0.200000
    36.634808    19.597688     0.410569     0.200000
    36.559656    19.571766     0.413880     0.200000
    36.483963    19.545619     0.417191     0.200000
    36.407724    19.519244     0.420502     0.200000
    36.330932    19.492638     0.423813     0.200000
    36.253582    19.465798     0.427124     0.200000
    36.175667    19.438721     0.430435     0.200000
    36.097181    19.411405     0.433746     0.200000
    36.018118    19.383845     0.437057     0.200000
    35.938472    19.356038     0.440368     0.200000
    35.858235    19.327982     0.443679     0.200000
    35.777402    19.299672     0.446990     0.200000
    35.695966    19.271106     0.450301     0.200000
    35.613919    19.242279     0.453612     0.200000
    35.531256    19.213188     0.456923     0.200000
    35.447969    19.183830     0.460234     0.200000
    35.364051    19.154201     0.463545     0.200000
    35.279494    19.124297     0.466856     0.200000
    35.194292    19.094115     0.470167     0.200000
    35.108438    19.063649     0.473478     0.200000
    35.021922    19.032897     0.476789     0.200000
    34.934739    19.001854     0.480100     0.200000
    34.846880    18.970517     0.483411     0.200000
    34.758337    18.938880     0.486722     0.200000
    34.669102    18.906940     0.490033     0.200000
    34.579167    18.874692     0.493344     0.200000
    34.488524    18.842131     0.496656     0.200000
    34.397165    18.809254     0.499967     0.200000
    34.305080    18.776056     0.503278     0.200000
    34.212262    18.742531     0.506589     0.200000
    34.118701    18.708676     0.509900     0.200000
    34.024388    18.674484     0.513211     0.200000
    33.929315    18.639951     0.516522     0.200000
    33.833472    18.605073     0.519833     0.200000
    33.736850    18.569842     0.523144     0.200000
    33.639439    18.534256     0.526455     0.200000
    33.541229    18.498307     0.529766     0.200000
    33.442211    18.461990     0.533077     0.200000
    33.342375    18.425300     0.536388     0.200000
    33.241710    18.388231     0.539699     0.200000
    33.140206    18.350777     0.543010     0.200000
    33.037853    18.312932     0.546321     0.200000
    32.934640    18.274690     0.549632     0.200000
    32.830555    18.236044     0.552943     0.200000
    32.725589    18.196988     0.556254     0.200000
    32.619729    18.157516     0.559565     0.200000
    32.512964    18.117621     0.562876     0.200000
    32.405283    18.077295     0.566187     0.200000
    32.296673    18.036533     0.569498     0.200000
    32.187123    17.995326     0.572809     0.200000
    32.076620    17.953668     0.576120     0.200000
    31.965152    17.911551     0.579431     0.200000
    31.852707    17.868968     0.582742     0.200000
    31.739270    17.825910     0.586054     0.200000
    31.624830    17.782370     0.589365     0.200000
    31.509372    17.738339     0.592676     0.200000
    31.392883    17.693809     0.595987     0.200000
    31.275350    17.648773     0.599298     0.200000
    31.156758    17.603220     0.602609     0.200000
    31.037092    17.557142     0.605920     0.200000
    30.916338    17.510530     0.609231     0.200000
    30.794482    17.463375     0.612542     0.200000
    30.671507    17.415667     0.615853     0.200000
    30.547399    17.367396     0.619164     0.200000
    30.422142    17.318552     0.622475     0.200000
    30.295720    17.269126     0.625786     0.200000
    30.168116    17.219105     0.629097     0.200000
    30.039314    17.168481     0.632408     0.200000
    29.909296    17.117241     0.635719     0.200000
    29.778046    17.065374     0.639030     0.200000
    29.645546    17.012870     0.642341     0.200000
    29.511778    16.959715     0.645652     0.200000
    29.376724    16.905898     0.648963     0.200000
    29.240364    16.851407     0.652274     0.200000
    29.102681    16.796228     0.655585     0.200000
    28.963654    16.740348     0.658896     0.200000
    28.823265    16.683755     0.662207     0.200000
    28.681492    16.626434     0.665518     0.200000
    28.538315    16.568372     0.668829     0.200000
    28.393713    16.509553     0.672140     0.200000
    28.247666    16.449963     0.675452     0.200000
    28.100150    16.389586     0.678763     0.200000
    27.951145    16.328408     0.682074     0.200000
    27.800626    16.266411     0.685385     0.200000
    27.648571    16.203580     0.688696     0.200000
    27.494957    16.139897     0.692007     0.200000
    27.339759    16.075345     0.695318     0.200000
    27.182953    16.009905     0.698629     0.200000
    27.024513    15.943561     0.701940     0.200000
    26.864414    15.876292     0.705251     0.200000
    26.702629    15.808079     0.708562     0.200000
    26.539133    15.738903     0.711873     0.200000
    26.373897    15.668742     0.715184     0.200000
    26.206893    15.597575     0.718495     0.200000
    26.038094    15.525382     0.721806     0.200000
    25.867470    15.452138     0.725117     0.200000
    25.694991    15.377822     0.728428     0.200000
    25.520627    15.302409     0.731739     0.200000
    25.344346    15.225876     0.735050     0.200000
    25.166118    15.148196     0.738361     0.200000
    24.985909    15.069344     0.741672     0.200000
    24.803686    14.989293     0.744983     0.200000
    24.619416    14.908016     0.748294     0.200000
    24.433064    14.825484     0.751605     0.200000
    24.244594    14.741668     0.754916     0.200000
    24.053969    14.656538     0.758227     0.200000
    23.861154    14.570063     0.761538     0.200000
    23.666109    14.482210     0.764849     0.200000
    23.468796    14.392946     0.768161     0.200000
    23.269175    14.302237     0.771472     0.200000
    23.067205    14.210048     0.774783     0.200000
    22.862845    14.116342     0.778094     0.200000
    22.656052    14.021081     0.781405     0.200000
    22.446782    13.924227     0.784716     0.200000
    22.234990    13.825738     0.788027     0.200000
    22.020632    13.725574     0.791338     0.200000
    21.803659    13.623691     0.794649     0.200000
    21.584023    13.520045     0.797960     0.200000
    21.361676    13.414589     0.801271     0.200000
    21.136566    13.307276     0.804582     0.200000
    20.908642    13.198055     0.807893     0.200000
    20.677851    13.086877     0.811204     0.200000
    20.444138    12.973687     0.814515     0.200000
    20.207448    12.858430     0.817826     0.200000
    19.967723    12.741050     0.821137     0.200000
    19.724904    12.621488     0.824448     0.200000
    19.478932    12.499681     0.827759     0.200000
    19.229744    12.375565     0.831070     0.200000
    18.977277    12.249076     0.834381     0.200000
    18.721466    12.120144     0.837692     0.200000
    18.462244    11.988697     0.841003     0.200000
    18.199542    11.854661     0.844314     0.200000
    17.933289    11.717959     0.847625     0.200000
    17.663414    11.578511     0.850936     0.200000
    17.389841    11.436232     0.854247     0.200000
    17.112495    11.291037     0.857559     0.200000
    16.831296    11.142834     0.860870     0.200000
    16.546164    10.991529     0.864181     0.200000
    16.257016    10.837023     0.867492     0.200000
    15.963765    10.679215     0.870803     0.200000
    15.666326    10.517996     0.874114     0.200000
    15.364606    10.353254     0.877425     0.200000
    15.058512    10.184875     0.880736     0.200000
    14.747950    10.012734     0.884047     0.200000
    14.432820     9.836706     0.887358     0.200000
    14.113022     9.656657     0.890669     0.200000
    13.788449     9.472446     0.893980     0.200000
    13.458995     9.283930     0.897291     0.200000
    13.124549     9.090954     0.900602     0.200000
    12.784997     8.893358     0.903913     0.200000
    12.440220     8.690976     0.907224     0.200000
    12.090097     8.483630     0.910535     0.200000
    11.734503     8.271135     0.913846     0.200000
    11.373308     8.053298     0.917157     0.200000
    11.006379     7.829915     0.920468     0.200000
    10.633579     7.600771     0.923779     0.200000
    10.254765     7.365639     0.927090     0.200000
     9.869791     7.124284     0.930401     0.200000
     9.478506     6.876453     0.933712     0.200000
     9.080752     6.621883     0.937023     0.200000
     8.676368     6.360296     0.940334     0.200000
     8.265186     6.091396     0.943645     0.200000
     7.847035     5.814873     0.946957     0.200000
     7.421735     5.530399     0.950268     0.200000
     6.989102     5.237624     0.953579     0.200000
     6.548943     4.936181     0.956890     0.200000
     6.101062     4.625680     0.960201     0.200000
     5.645252     4.305704     0.963512     0.200000
     5.181302     3.975814     0.966823     0.200000
     4.708991     3.635542     0.970134     0.200000
     4.228092     3.284390     0.973445     0.200000
     3.738368     2.921827     0.976756     0.200000
     3.239574     2.547289     0.980067     0.200000
     2.731455     2.160171     0.983378     0.200000
     2.213748     1.759829     0.986689     0.200000
     1.686178     1.345574     0.990000     0.200000
